4
8
16
5
0.93 0.01 0.01 0.01 0.01 0.01 0.01 0.01 
0.74 0.20 0.01 0.01 0.01 0.01 0.01 0.01 
0.01 0.06 0.30 0.30 0.30 0.01 0.01 0.01 
0.84 0.01 0.10 0.01 0.01 0.01 0.01 0.01 
0.84 0.01 0.01 0.10 0.01 0.01 0.01 0.01 
0.01 0.01 0.01 0.01 0.10 0.84 0.01 0.01 
0.01 0.01 0.01 0.01 0.01 0.10 0.84 0.01 
0.01 0.01 0.01 0.01 0.01 0.01 0.10 0.84 
0.84 0.01 0.01 0.01 0.01 0.01 0.01 0.10 
0.15 0.15 0.15 0.15 0.01 0.10 0.10 0.10 0.01 0.01 0.01 0.01 0.10 0.10 0.10 0.10
0.01 0.01 0.01 0.01 0.01 0.01 0.01 0.01 0.01 0.01 0.01 0.01 0.01 0.01 0.30 0.30
0.01 0.01 0.01 0.01 0.01 0.01 0.01 0.01 0.01 0.01 0.01 0.01 0.25 0.25 0.25 0.25
0.01 0.01 0.01 0.01 0.01 0.01 0.01 0.01 0.01 0.01 0.01 0.01 0.25 0.25 0.25 0.25
0.01 0.01 0.01 0.01 0.01 0.01 0.01 0.01 0.01 0.01 0.01 0.01 0.25 0.25 0.25 0.25
0.01 0.01 0.01 0.01 0.01 0.01 0.01 0.01 0.01 0.01 0.01 0.01 0.25 0.25 0.25 0.25
0.30 0.01 0.01 0.01 0.01 0.01 0.01 0.01 0.01 0.01 0.01 0.01 0.01 0.20 0.40 0.10
0.30 0.01 0.01 0.01 0.01 0.01 0.01 0.01 0.01 0.01 0.01 0.01 0.01 0.20 0.40 0.10
0.20 0.77 0.01 0.01 0.01 
0.05 0.05 0.80 0.05 0.05 
0.05 0.05 0.05 0.80 0.05 
0.05 0.05 0.05 0.05 0.80 
0.05 0.05 0.80 0.05 0.05 
0.05 0.05 0.05 0.42 0.43 
0.05 0.80 0.05 0.05 0.05 
0.05 0.05 0.05 0.43 0.42 
