 
Data format file *.prb

1. Number of states
2. Number of symbols
3. Number of outputs 
4. Vector PI
5. Matrix A (Num.States x Num.States)
6. Matrix B (Num.States x Num.Symbols)
7. Matrix C ((Num.StatesxNum.Symbols) x Num.Outputs)

Example ( see ../data/hmm_destination_avoidance_fsm.prb)

-----------------------------------------------------------------------------
14
32
5

0.97 0.0023 0.0023 0.0023 0.0023 0.0023 0.0023 0.0023 0.0023 0.0023 0.0023 0.0023 0.0023 0.0023

0.25 0.63 0.01 0.01 0.01 0.01 0.01 0.01 0.01 0.01 0.01 0.01 0.01 0.01
0.01 0.01 0.22 0.01 0.23 0.01 0.23 0.01 0.01 0.01 0.01 0.01 0.01 0.22
0.01 0.01 0.01 0.87 0.01 0.01 0.01 0.01 0.01 0.01 0.01 0.01 0.01 0.01
0.87 0.01 0.01 0.01 0.01 0.01 0.01 0.01 0.01 0.01 0.01 0.01 0.01 0.01
0.01 0.01 0.01 0.01 0.01 0.87 0.01 0.01 0.01 0.01 0.01 0.01 0.01 0.01
0.87 0.01 0.01 0.01 0.01 0.01 0.01 0.01 0.01 0.01 0.01 0.01 0.01 0.01
0.01 0.01 0.01 0.01 0.01 0.01 0.01 0.87 0.01 0.01 0.01 0.01 0.01 0.01
0.01 0.01 0.01 0.01 0.01 0.01 0.01 0.01 0.87 0.01 0.01 0.01 0.01 0.01
0.01 0.01 0.01 0.01 0.01 0.01 0.01 0.01 0.01 0.87 0.01 0.01 0.01 0.01
0.01 0.01 0.01 0.01 0.01 0.01 0.01 0.01 0.01 0.01 0.87 0.01 0.01 0.01
0.01 0.01 0.01 0.01 0.01 0.01 0.01 0.01 0.01 0.01 0.01 0.87 0.01 0.01
0.01 0.01 0.01 0.01 0.01 0.01 0.01 0.01 0.01 0.01 0.01 0.01 0.87 0.01
0.87 0.01 0.01 0.01 0.01 0.01 0.01 0.01 0.01 0.01 0.01 0.01 0.01 0.01
0.00035 0.00035 0.00035 0.495 0.00035 0.495 0.00035 0.00035 0.00035 0.00035 0.00035 0.00035 0.00035 0.00035

0.05 0.05 0.05 0.05 0.05 0.05 0.05 0.05 0.05 0.05 0.05 0.05 0.05 0.05 0.05 0.05 0.0125 0.0125 0.0125 0.0125 0.0125 0.0125 0.0125 0.0125 0.0125 0.0125 0.0125 0.0125 0.0125 0.0125 0.0125 0.0125 
0.05 0.05 0.05 0.05 0.05 0.05 0.05 0.05 0.05 0.05 0.05 0.05 0.05 0.05 0.05 0.05 0.0125 0.0125 0.0125 0.0125 0.0125 0.0125 0.0125 0.0125 0.0125 0.0125 0.0125 0.0125 0.0125 0.0125 0.0125 0.0125 
0.01 0.01 0.01 0.01 0.18 0.18 0.18 0.18 0.01 0.01 0.01 0.01 0.01 0.01 0.01 0.01 0.01 0.01 0.01 0.01 0.01 0.01 0.01 0.01 0.01 0.01 0.01 0.01 0.01 0.01 0.01 0.01
0.01 0.35 0.01 0.35 0.01 0.01 0.01 0.01 0.01 0.01 0.01 0.01 0.01 0.01 0.01 0.01 0.01 0.01 0.01 0.01 0.01 0.01 0.01 0.01 0.01 0.01 0.01 0.01 0.01 0.01 0.01 0.01
0.01 0.01 0.01 0.01 0.01 0.01 0.01 0.01 0.18 0.18 0.18 0.18 0.01 0.01 0.01 0.01 0.01 0.01 0.01 0.01 0.01 0.01 0.01 0.01 0.01 0.01 0.01 0.01 0.01 0.01 0.01 0.01
0.35 0.01 0.35 0.01 0.01 0.01 0.01 0.01 0.01 0.01 0.01 0.01 0.01 0.01 0.01 0.01 0.01 0.01 0.01 0.01 0.01 0.01 0.01 0.01 0.01 0.01 0.01 0.01 0.01 0.01 0.01 0.01
0.01 0.01 0.01 0.01 0.01 0.01 0.01 0.01 0.01 0.01 0.01 0.01 0.18 0.18 0.18 0.18 0.01 0.01 0.01 0.01 0.01 0.01 0.01 0.01 0.01 0.01 0.01 0.01 0.01 0.01 0.01 0.01
0.032 0.032 0.032 0.032 0.032 0.032 0.032 0.032 0.032 0.032 0.032 0.032 0.032 0.032 0.032 0.032 0.032 0.032 0.032 0.032 0.032 0.032 0.032 0.032 0.032 0.032 0.032 0.032 0.032 0.032 0.032 0.032 
0.032 0.032 0.032 0.032 0.032 0.032 0.032 0.032 0.032 0.032 0.032 0.032 0.032 0.032 0.032 0.032 0.032 0.032 0.032 0.032 0.032 0.032 0.032 0.032 0.032 0.032 0.032 0.032 0.032 0.032 0.032 0.032 
0.032 0.032 0.032 0.032 0.032 0.032 0.032 0.032 0.032 0.032 0.032 0.032 0.032 0.032 0.032 0.032 0.032 0.032 0.032 0.032 0.032 0.032 0.032 0.032 0.032 0.032 0.032 0.032 0.032 0.032 0.032 0.032 
0.032 0.032 0.032 0.032 0.032 0.032 0.032 0.032 0.032 0.032 0.032 0.032 0.032 0.032 0.032 0.032 0.032 0.032 0.032 0.032 0.032 0.032 0.032 0.032 0.032 0.032 0.032 0.032 0.032 0.032 0.032 0.032 
0.032 0.032 0.032 0.032 0.032 0.032 0.032 0.032 0.032 0.032 0.032 0.032 0.032 0.032 0.032 0.032 0.032 0.032 0.032 0.032 0.032 0.032 0.032 0.032 0.032 0.032 0.032 0.032 0.032 0.032 0.032 0.032 
0.05 0.05 0.05 0.05 0.05 0.05 0.05 0.05 0.05 0.05 0.05 0.05 0.05 0.05 0.05 0.05 0.0125 0.0125 0.0125 0.0125 0.0125 0.0125 0.0125 0.0125 0.0125 0.0125 0.0125 0.0125 0.0125 0.0125 0.0125 0.0125 
0.24 0.24 0.24 0.24 0.00146 0.00146 0.00146 0.00146 0.00146 0.00146 0.00146 0.00146 0.00146 0.00146 0.00146 0.00146 0.00146 0.00146 0.00146 0.00146 0.00146 0.00146 0.00146 0.00146 0.00146 0.00146 0.00146 0.00146 0.00146 0.00146 0.00146 0.00146

0.01 0.96 0.01 0.01 0.01
0.01 0.96 0.01 0.01 0.01
0.01 0.96 0.01 0.01 0.01
0.01 0.96 0.01 0.01 0.01
0.01 0.96 0.01 0.01 0.01
0.01 0.96 0.01 0.01 0.01
0.01 0.96 0.01 0.01 0.01
0.01 0.96 0.01 0.01 0.01
0.01 0.96 0.01 0.01 0.01
0.01 0.96 0.01 0.01 0.01
0.01 0.96 0.01 0.01 0.01
0.01 0.96 0.01 0.01 0.01
0.01 0.96 0.01 0.01 0.01
0.01 0.96 0.01 0.01 0.01
0.01 0.96 0.01 0.01 0.01
0.01 0.96 0.01 0.01 0.01
0.96 0.01 0.01 0.01 0.01
0.96 0.01 0.01 0.01 0.01
0.96 0.01 0.01 0.01 0.01
0.96 0.01 0.01 0.01 0.01
0.96 0.01 0.01 0.01 0.01
0.96 0.01 0.01 0.01 0.01
0.96 0.01 0.01 0.01 0.01
0.96 0.01 0.01 0.01 0.01
0.96 0.01 0.01 0.01 0.01
0.96 0.01 0.01 0.01 0.01
0.96 0.01 0.01 0.01 0.01
0.96 0.01 0.01 0.01 0.01
0.96 0.01 0.01 0.01 0.01
0.96 0.01 0.01 0.01 0.01
0.96 0.01 0.01 0.01 0.01
0.96 0.01 0.01 0.01 0.01

0.01 0.96 0.01 0.01 0.01
0.01 0.96 0.01 0.01 0.01
0.01 0.96 0.01 0.01 0.01
0.01 0.96 0.01 0.01 0.01
0.96 0.01 0.01 0.01 0.01
0.96 0.01 0.01 0.01 0.01
0.96 0.01 0.01 0.01 0.01
0.96 0.01 0.01 0.01 0.01
0.96 0.01 0.01 0.01 0.01
0.96 0.01 0.01 0.01 0.01
0.96 0.01 0.01 0.01 0.01
0.96 0.01 0.01 0.01 0.01
0.96 0.01 0.01 0.01 0.01
0.96 0.01 0.01 0.01 0.01
0.96 0.01 0.01 0.01 0.01
0.96 0.01 0.01 0.01 0.01
0.01 0.96 0.01 0.01 0.01
0.01 0.96 0.01 0.01 0.01
0.01 0.96 0.01 0.01 0.01
0.01 0.96 0.01 0.01 0.01
0.96 0.01 0.01 0.01 0.01
0.96 0.01 0.01 0.01 0.01
0.96 0.01 0.01 0.01 0.01
0.96 0.01 0.01 0.01 0.01
0.96 0.01 0.01 0.01 0.01
0.96 0.01 0.01 0.01 0.01
0.96 0.01 0.01 0.01 0.01
0.96 0.01 0.01 0.01 0.01
0.96 0.01 0.01 0.01 0.01
0.96 0.01 0.01 0.01 0.01
0.96 0.01 0.01 0.01 0.01
0.96 0.01 0.01 0.01 0.01

0.01 0.01 0.96 0.01 0.01
0.01 0.01 0.96 0.01 0.01
0.01 0.01 0.96 0.01 0.01
0.01 0.01 0.96 0.01 0.01
0.01 0.01 0.96 0.01 0.01
0.01 0.01 0.96 0.01 0.01
0.01 0.01 0.96 0.01 0.01
0.01 0.01 0.96 0.01 0.01
0.01 0.01 0.96 0.01 0.01
0.01 0.01 0.96 0.01 0.01
0.01 0.01 0.96 0.01 0.01
0.01 0.01 0.96 0.01 0.01
0.01 0.01 0.96 0.01 0.01
0.01 0.01 0.96 0.01 0.01
0.01 0.01 0.96 0.01 0.01
0.01 0.01 0.96 0.01 0.01
0.01 0.01 0.96 0.01 0.01
0.01 0.01 0.96 0.01 0.01
0.01 0.01 0.96 0.01 0.01
0.01 0.01 0.96 0.01 0.01
0.01 0.01 0.96 0.01 0.01
0.01 0.01 0.96 0.01 0.01
0.01 0.01 0.96 0.01 0.01
0.01 0.01 0.96 0.01 0.01
0.01 0.01 0.96 0.01 0.01
0.01 0.01 0.96 0.01 0.01
0.01 0.01 0.96 0.01 0.01
0.01 0.01 0.96 0.01 0.01
0.01 0.01 0.96 0.01 0.01
0.01 0.01 0.96 0.01 0.01
0.01 0.01 0.96 0.01 0.01
0.01 0.01 0.96 0.01 0.01

0.01 0.01 0.01 0.96 0.01
0.01 0.01 0.01 0.96 0.01
0.01 0.01 0.01 0.96 0.01
0.01 0.01 0.01 0.96 0.01
0.01 0.01 0.01 0.96 0.01
0.01 0.01 0.01 0.96 0.01
0.01 0.01 0.01 0.96 0.01
0.01 0.01 0.01 0.96 0.01
0.01 0.01 0.01 0.96 0.01
0.01 0.01 0.01 0.96 0.01
0.01 0.01 0.01 0.96 0.01
0.01 0.01 0.01 0.96 0.01
0.01 0.01 0.01 0.96 0.01
0.01 0.01 0.01 0.96 0.01
0.01 0.01 0.01 0.96 0.01
0.01 0.01 0.01 0.96 0.01
0.01 0.01 0.01 0.96 0.01
0.01 0.01 0.01 0.96 0.01
0.01 0.01 0.01 0.96 0.01
0.01 0.01 0.01 0.96 0.01
0.01 0.01 0.01 0.96 0.01
0.01 0.01 0.01 0.96 0.01
0.01 0.01 0.01 0.96 0.01
0.01 0.01 0.01 0.96 0.01
0.01 0.01 0.01 0.96 0.01
0.01 0.01 0.01 0.96 0.01
0.01 0.01 0.01 0.96 0.01
0.01 0.01 0.01 0.96 0.01
0.01 0.01 0.01 0.96 0.01
0.01 0.01 0.01 0.96 0.01
0.01 0.01 0.01 0.96 0.01
0.01 0.01 0.01 0.96 0.01

0.01 0.01 0.96 0.01 0.01
0.01 0.01 0.96 0.01 0.01
0.01 0.01 0.96 0.01 0.01
0.01 0.01 0.96 0.01 0.01
0.01 0.01 0.96 0.01 0.01
0.01 0.01 0.96 0.01 0.01
0.01 0.01 0.96 0.01 0.01
0.01 0.01 0.96 0.01 0.01
0.01 0.01 0.96 0.01 0.01
0.01 0.01 0.96 0.01 0.01
0.01 0.01 0.96 0.01 0.01
0.01 0.01 0.96 0.01 0.01
0.01 0.01 0.96 0.01 0.01
0.01 0.01 0.96 0.01 0.01
0.01 0.01 0.96 0.01 0.01
0.01 0.01 0.96 0.01 0.01
0.01 0.01 0.96 0.01 0.01
0.01 0.01 0.96 0.01 0.01
0.01 0.01 0.96 0.01 0.01
0.01 0.01 0.96 0.01 0.01
0.01 0.01 0.96 0.01 0.01
0.01 0.01 0.96 0.01 0.01
0.01 0.01 0.96 0.01 0.01
0.01 0.01 0.96 0.01 0.01
0.01 0.01 0.96 0.01 0.01
0.01 0.01 0.96 0.01 0.01
0.01 0.01 0.96 0.01 0.01
0.01 0.01 0.96 0.01 0.01
0.01 0.01 0.96 0.01 0.01
0.01 0.01 0.96 0.01 0.01
0.01 0.01 0.96 0.01 0.01
0.01 0.01 0.96 0.01 0.01

0.01 0.01 0.01 0.01 0.96
0.01 0.01 0.01 0.01 0.96
0.01 0.01 0.01 0.01 0.96
0.01 0.01 0.01 0.01 0.96
0.01 0.01 0.01 0.01 0.96
0.01 0.01 0.01 0.01 0.96
0.01 0.01 0.01 0.01 0.96
0.01 0.01 0.01 0.01 0.96
0.01 0.01 0.01 0.01 0.96
0.01 0.01 0.01 0.01 0.96
0.01 0.01 0.01 0.01 0.96
0.01 0.01 0.01 0.01 0.96
0.01 0.01 0.01 0.01 0.96
0.01 0.01 0.01 0.01 0.96
0.01 0.01 0.01 0.01 0.96
0.01 0.01 0.01 0.01 0.96
0.01 0.01 0.01 0.01 0.96
0.01 0.01 0.01 0.01 0.96
0.01 0.01 0.01 0.01 0.96
0.01 0.01 0.01 0.01 0.96
0.01 0.01 0.01 0.01 0.96
0.01 0.01 0.01 0.01 0.96
0.01 0.01 0.01 0.01 0.96
0.01 0.01 0.01 0.01 0.96
0.01 0.01 0.01 0.01 0.96
0.01 0.01 0.01 0.01 0.96
0.01 0.01 0.01 0.01 0.96
0.01 0.01 0.01 0.01 0.96
0.01 0.01 0.01 0.01 0.96
0.01 0.01 0.01 0.01 0.96
0.01 0.01 0.01 0.01 0.96
0.01 0.01 0.01 0.01 0.96

0.01 0.01 0.96 0.01 0.01
0.01 0.01 0.96 0.01 0.01
0.01 0.01 0.96 0.01 0.01
0.01 0.01 0.96 0.01 0.01
0.01 0.01 0.96 0.01 0.01
0.01 0.01 0.96 0.01 0.01
0.01 0.01 0.96 0.01 0.01
0.01 0.01 0.96 0.01 0.01
0.01 0.01 0.96 0.01 0.01
0.01 0.01 0.96 0.01 0.01
0.01 0.01 0.96 0.01 0.01
0.01 0.01 0.96 0.01 0.01
0.01 0.01 0.96 0.01 0.01
0.01 0.01 0.96 0.01 0.01
0.01 0.01 0.96 0.01 0.01
0.01 0.01 0.96 0.01 0.01
0.01 0.01 0.96 0.01 0.01
0.01 0.01 0.96 0.01 0.01
0.01 0.01 0.96 0.01 0.01
0.01 0.01 0.96 0.01 0.01
0.01 0.01 0.96 0.01 0.01
0.01 0.01 0.96 0.01 0.01
0.01 0.01 0.96 0.01 0.01
0.01 0.01 0.96 0.01 0.01
0.01 0.01 0.96 0.01 0.01
0.01 0.01 0.96 0.01 0.01
0.01 0.01 0.96 0.01 0.01
0.01 0.01 0.96 0.01 0.01
0.01 0.01 0.96 0.01 0.01
0.01 0.01 0.96 0.01 0.01
0.01 0.01 0.96 0.01 0.01
0.01 0.01 0.96 0.01 0.01

0.01 0.01 0.01 0.96 0.01 
0.01 0.01 0.01 0.96 0.01 
0.01 0.01 0.01 0.96 0.01 
0.01 0.01 0.01 0.96 0.01 
0.01 0.01 0.01 0.96 0.01 
0.01 0.01 0.01 0.96 0.01 
0.01 0.01 0.01 0.96 0.01 
0.01 0.01 0.01 0.96 0.01 
0.01 0.01 0.01 0.96 0.01 
0.01 0.01 0.01 0.96 0.01 
0.01 0.01 0.01 0.96 0.01 
0.01 0.01 0.01 0.96 0.01 
0.01 0.01 0.01 0.96 0.01 
0.01 0.01 0.01 0.96 0.01 
0.01 0.01 0.01 0.96 0.01 
0.01 0.01 0.01 0.96 0.01 
0.01 0.01 0.01 0.96 0.01 
0.01 0.01 0.01 0.96 0.01 
0.01 0.01 0.01 0.96 0.01 
0.01 0.01 0.01 0.96 0.01 
0.01 0.01 0.01 0.96 0.01 
0.01 0.01 0.01 0.96 0.01 
0.01 0.01 0.01 0.96 0.01 
0.01 0.01 0.01 0.96 0.01 
0.01 0.01 0.01 0.96 0.01 
0.01 0.01 0.01 0.96 0.01 
0.01 0.01 0.01 0.96 0.01 
0.01 0.01 0.01 0.96 0.01 
0.01 0.01 0.01 0.96 0.01 
0.01 0.01 0.01 0.96 0.01 
0.01 0.01 0.01 0.96 0.01 
0.01 0.01 0.01 0.96 0.01 

0.01 0.01 0.01 0.96 0.01 
0.01 0.01 0.01 0.96 0.01 
0.01 0.01 0.01 0.96 0.01 
0.01 0.01 0.01 0.96 0.01 
0.01 0.01 0.01 0.96 0.01 
0.01 0.01 0.01 0.96 0.01 
0.01 0.01 0.01 0.96 0.01 
0.01 0.01 0.01 0.96 0.01 
0.01 0.01 0.01 0.96 0.01 
0.01 0.01 0.01 0.96 0.01 
0.01 0.01 0.01 0.96 0.01 
0.01 0.01 0.01 0.96 0.01 
0.01 0.01 0.01 0.96 0.01 
0.01 0.01 0.01 0.96 0.01 
0.01 0.01 0.01 0.96 0.01 
0.01 0.01 0.01 0.96 0.01 
0.01 0.01 0.01 0.96 0.01 
0.01 0.01 0.01 0.96 0.01 
0.01 0.01 0.01 0.96 0.01 
0.01 0.01 0.01 0.96 0.01 
0.01 0.01 0.01 0.96 0.01 
0.01 0.01 0.01 0.96 0.01 
0.01 0.01 0.01 0.96 0.01 
0.01 0.01 0.01 0.96 0.01 
0.01 0.01 0.01 0.96 0.01 
0.01 0.01 0.01 0.96 0.01 
0.01 0.01 0.01 0.96 0.01 
0.01 0.01 0.01 0.96 0.01 
0.01 0.01 0.01 0.96 0.01 
0.01 0.01 0.01 0.96 0.01 
0.01 0.01 0.01 0.96 0.01 
0.01 0.01 0.01 0.96 0.01 

0.01 0.96 0.01 0.01 0.01 
0.01 0.96 0.01 0.01 0.01 
0.01 0.96 0.01 0.01 0.01 
0.01 0.96 0.01 0.01 0.01 
0.01 0.96 0.01 0.01 0.01 
0.01 0.96 0.01 0.01 0.01 
0.01 0.96 0.01 0.01 0.01 
0.01 0.96 0.01 0.01 0.01 
0.01 0.96 0.01 0.01 0.01 
0.01 0.96 0.01 0.01 0.01 
0.01 0.96 0.01 0.01 0.01 
0.01 0.96 0.01 0.01 0.01 
0.01 0.96 0.01 0.01 0.01 
0.01 0.96 0.01 0.01 0.01 
0.01 0.96 0.01 0.01 0.01 
0.01 0.96 0.01 0.01 0.01 
0.01 0.96 0.01 0.01 0.01 
0.01 0.96 0.01 0.01 0.01 
0.01 0.96 0.01 0.01 0.01 
0.01 0.96 0.01 0.01 0.01 
0.01 0.96 0.01 0.01 0.01 
0.01 0.96 0.01 0.01 0.01 
0.01 0.96 0.01 0.01 0.01 
0.01 0.96 0.01 0.01 0.01 
0.01 0.96 0.01 0.01 0.01 
0.01 0.96 0.01 0.01 0.01 
0.01 0.96 0.01 0.01 0.01 
0.01 0.96 0.01 0.01 0.01 
0.01 0.96 0.01 0.01 0.01 
0.01 0.96 0.01 0.01 0.01 
0.01 0.96 0.01 0.01 0.01 
0.01 0.96 0.01 0.01 0.01 

0.01 0.96 0.01 0.01 0.01 
0.01 0.96 0.01 0.01 0.01 
0.01 0.96 0.01 0.01 0.01 
0.01 0.96 0.01 0.01 0.01 
0.01 0.96 0.01 0.01 0.01 
0.01 0.96 0.01 0.01 0.01 
0.01 0.96 0.01 0.01 0.01 
0.01 0.96 0.01 0.01 0.01 
0.01 0.96 0.01 0.01 0.01 
0.01 0.96 0.01 0.01 0.01 
0.01 0.96 0.01 0.01 0.01 
0.01 0.96 0.01 0.01 0.01 
0.01 0.96 0.01 0.01 0.01 
0.01 0.96 0.01 0.01 0.01 
0.01 0.96 0.01 0.01 0.01 
0.01 0.96 0.01 0.01 0.01 
0.01 0.96 0.01 0.01 0.01 
0.01 0.96 0.01 0.01 0.01 
0.01 0.96 0.01 0.01 0.01 
0.01 0.96 0.01 0.01 0.01 
0.01 0.96 0.01 0.01 0.01 
0.01 0.96 0.01 0.01 0.01 
0.01 0.96 0.01 0.01 0.01 
0.01 0.96 0.01 0.01 0.01 
0.01 0.96 0.01 0.01 0.01 
0.01 0.96 0.01 0.01 0.01 
0.01 0.96 0.01 0.01 0.01 
0.01 0.96 0.01 0.01 0.01 
0.01 0.96 0.01 0.01 0.01 
0.01 0.96 0.01 0.01 0.01 
0.01 0.96 0.01 0.01 0.01 
0.01 0.96 0.01 0.01 0.01 

0.01 0.01 0.01 0.01 0.96 
0.01 0.01 0.01 0.01 0.96 
0.01 0.01 0.01 0.01 0.96 
0.01 0.01 0.01 0.01 0.96 
0.01 0.01 0.01 0.01 0.96 
0.01 0.01 0.01 0.01 0.96 
0.01 0.01 0.01 0.01 0.96 
0.01 0.01 0.01 0.01 0.96 
0.01 0.01 0.01 0.01 0.96 
0.01 0.01 0.01 0.01 0.96 
0.01 0.01 0.01 0.01 0.96 
0.01 0.01 0.01 0.01 0.96 
0.01 0.01 0.01 0.01 0.96 
0.01 0.01 0.01 0.01 0.96 
0.01 0.01 0.01 0.01 0.96 
0.01 0.01 0.01 0.01 0.96 
0.01 0.01 0.01 0.01 0.96 
0.01 0.01 0.01 0.01 0.96 
0.01 0.01 0.01 0.01 0.96 
0.01 0.01 0.01 0.01 0.96 
0.01 0.01 0.01 0.01 0.96 
0.01 0.01 0.01 0.01 0.96 
0.01 0.01 0.01 0.01 0.96 
0.01 0.01 0.01 0.01 0.96 
0.01 0.01 0.01 0.01 0.96 
0.01 0.01 0.01 0.01 0.96 
0.01 0.01 0.01 0.01 0.96 
0.01 0.01 0.01 0.01 0.96 
0.01 0.01 0.01 0.01 0.96 
0.01 0.01 0.01 0.01 0.96 
0.01 0.01 0.01 0.01 0.96 
0.01 0.01 0.01 0.01 0.96 

0.01 0.01 0.01 0.01 0.96 
0.01 0.01 0.01 0.01 0.96 
0.01 0.01 0.01 0.01 0.96 
0.01 0.01 0.01 0.01 0.96 
0.01 0.01 0.01 0.01 0.96 
0.01 0.01 0.01 0.01 0.96 
0.01 0.01 0.01 0.01 0.96 
0.01 0.01 0.01 0.01 0.96 
0.01 0.01 0.01 0.01 0.96 
0.01 0.01 0.01 0.01 0.96 
0.01 0.01 0.01 0.01 0.96 
0.01 0.01 0.01 0.01 0.96 
0.01 0.01 0.01 0.01 0.96 
0.01 0.01 0.01 0.01 0.96 
0.01 0.01 0.01 0.01 0.96 
0.01 0.01 0.01 0.01 0.96 
0.01 0.01 0.01 0.01 0.96 
0.01 0.01 0.01 0.01 0.96 
0.01 0.01 0.01 0.01 0.96 
0.01 0.01 0.01 0.01 0.96 
0.01 0.01 0.01 0.01 0.96 
0.01 0.01 0.01 0.01 0.96 
0.01 0.01 0.01 0.01 0.96 
0.01 0.01 0.01 0.01 0.96 
0.01 0.01 0.01 0.01 0.96 
0.01 0.01 0.01 0.01 0.96 
0.01 0.01 0.01 0.01 0.96 
0.01 0.01 0.01 0.01 0.96 
0.01 0.01 0.01 0.01 0.96 
0.01 0.01 0.01 0.01 0.96 
0.01 0.01 0.01 0.01 0.96 
0.01 0.01 0.01 0.01 0.96 

0.01 0.01 0.01 0.01 0.96 
0.01 0.01 0.01 0.96 0.01 
0.01 0.96 0.01 0.01 0.01 
0.01 0.96 0.01 0.01 0.01 
0.01 0.01 0.01 0.01 0.96 
0.01 0.01 0.01 0.96 0.01 
0.01 0.96 0.01 0.01 0.01 
0.01 0.96 0.01 0.01 0.01 
0.01 0.01 0.01 0.01 0.96 
0.01 0.01 0.01 0.96 0.01 
0.01 0.96 0.01 0.01 0.01 
0.01 0.96 0.01 0.01 0.01 
0.01 0.01 0.01 0.01 0.96 
0.01 0.01 0.01 0.96 0.01 
0.01 0.96 0.01 0.01 0.01 
0.01 0.96 0.01 0.01 0.01 
0.01 0.01 0.01 0.01 0.96 
0.01 0.01 0.01 0.96 0.01 
0.01 0.96 0.01 0.01 0.01 
0.01 0.96 0.01 0.01 0.01 
0.01 0.01 0.01 0.01 0.96 
0.01 0.01 0.01 0.96 0.01 
0.01 0.96 0.01 0.01 0.01 
0.01 0.96 0.01 0.01 0.01 
0.01 0.01 0.01 0.01 0.96 
0.01 0.01 0.01 0.96 0.01 
0.01 0.96 0.01 0.01 0.01 
0.01 0.96 0.01 0.01 0.01 
0.01 0.01 0.01 0.01 0.96 
0.01 0.01 0.01 0.96 0.01 
0.01 0.96 0.01 0.01 0.01 
0.01 0.96 0.01 0.01 0.01 

0.01 0.11 0.01 0.11 0.76
0.01 0.11 0.01 0.76 0.11
0.01 0.76 0.01 0.11 0.11
0.01 0.76 0.01 0.11 0.11
0.48 0.01 0.01 0.01 0.48
0.48 0.01 0.01 0.48 0.01
0.48 0.48 0.01 0.01 0.01
0.48 0.48 0.01 0.01 0.01
0.01 0.11 0.01 0.11 0.76
0.01 0.11 0.01 0.76 0.11
0.01 0.76 0.01 0.11 0.11
0.01 0.76 0.01 0.11 0.11
0.48 0.01 0.01 0.01 0.48
0.48 0.01 0.01 0.48 0.01
0.48 0.48 0.01 0.01 0.01
0.48 0.48 0.01 0.01 0.01
0.01 0.11 0.01 0.11 0.76
0.01 0.11 0.01 0.76 0.11
0.01 0.76 0.01 0.11 0.11
0.01 0.76 0.01 0.11 0.11
0.48 0.01 0.01 0.01 0.48
0.48 0.01 0.01 0.48 0.01
0.48 0.48 0.01 0.01 0.01
0.48 0.48 0.01 0.01 0.01
0.01 0.11 0.01 0.11 0.76
0.01 0.11 0.01 0.76 0.11
0.01 0.76 0.01 0.11 0.11
0.01 0.76 0.01 0.11 0.11
0.48 0.01 0.01 0.01 0.48
0.48 0.01 0.01 0.48 0.01
0.48 0.48 0.01 0.01 0.01
0.48 0.48 0.01 0.01 0.01

