106.440729908
95.9269543048
108.815755539
101.303160555
104.657476214
111.521604255
114.491855847
109.149147081
117.115526889
103.293158835
108.528110496
115.825715873
98.0362067783
107.628316752
108.989866775
113.385197329
100.54122222
105.219776829
105.361679157
101.982429363
109.783355563
107.370199905
109.270972226
103.665870017
97.6830128886
108.218579922
108.819233254
108.503609122
106.071525097
115.718303653
114.524030048
105.657920509
123.284103303
108.148578665
111.858864552
110.433740718
106.965780395
105.946064966
109.881862962
109.642387506
114.329841071
103.566569182
110.699607707
110.066971407
99.1544375419
106.22278507
108.55602671
112.635718389
110.043786598
108.14923539
105.394838485
101.446511312
104.780718945
105.918866513
111.414860645
107.607022439
110.481839857
108.721269194
120.328066483
108.082951852
101.962099909
112.908930042
101.748925248
105.748999508
107.55955695
109.325230614
105.014206692
100.898795997
113.399308739
106.603995252
107.679935279
104.031658672
109.007230994
113.780014522
106.049609943
109.089712984
110.131765567
114.673080324
103.637010183
103.105274333
115.975362854
111.551191398
110.354764962
115.558755061
106.921197607
99.281772483
104.273577693
100.115764228
110.6106828
101.503464374
122.247548968
113.203790144
111.214725944
104.338073565
105.346328119
109.135406292
106.443885614
109.558465525
107.716906492
115.901351784
116.600774713
122.471473617
113.17889247
113.037053306
113.131978419
110.972421056
113.892501825
103.100991072
114.427808711
111.666205886
110.552152555
106.369715126
107.083765846
109.631649059
96.2915900701
105.68609693
114.597081181
108.533624409
118.062884041
107.944903174
122.582071774
107.969900849
110.907342132
112.76150572
106.764589398
115.804573729
103.930884587
102.190798909
116.512200912
103.359007061
113.803049651
109.601862609
100.35706171
114.12707743
116.256599781
109.441422078
103.627721302
110.448951662
118.620642265
111.274209878
109.153669111
108.806142483
106.999505762
105.622693298
100.765070932
117.992324716
106.370288502
114.030226499
115.808971702
106.60711639
112.079953731
117.865152271
109.737749388
115.379089311
107.639939131
115.714546403
107.268066403
103.616529741
117.717883995
106.077128624
102.278782842
114.291904279
105.184639881
110.513297317
108.172732188
106.226962078
112.388968444
105.288442988
98.4559732123
104.240549077
110.630016547
118.525338521
115.456813864
103.391962247
107.745782817
105.0382355
110.520795211
113.355684908
103.640832908
110.733891754
105.399565047
115.163239708
98.0961499272
99.6920175445
108.588000103
110.527426236
113.827282641
94.0031297349
107.275971159
115.455884908
115.000204934
107.367020594
119.341291416
104.681612906
103.873140752
105.264182979
112.427791118
111.82869456
108.160580661
107.25465213
110.293906135
97.9989949427
106.101103431
101.223095136
102.242234778
110.413289655
108.385137665
97.8584085455
108.006066131
108.676398913
96.3088180639
100.581054937
107.331982274
113.992417335
105.576241499
112.950889934
106.673845803
111.05598804
110.885187635
98.8735015058
108.760266025
107.139666331
116.952658437
103.961079291
104.26904245
112.928893343
107.149941728
112.940538342
106.45340759
114.900230149
108.04885526
111.058899942
108.200113256
95.6171104638
116.08655804
103.418747034
114.957920773
113.091579351
107.807310017
108.892937174
114.50840654
102.185516637
99.0313893424
107.760337968
100.877583548
107.762719735
103.546577274
113.019047586
99.2694390056
114.591443867
110.834409777
108.87885589
123.415941781
98.1568348225
110.232063753
111.817048142
115.708260714
117.142839586
97.5140147387
110.886744351
113.141843887
111.566780964
111.418473696
110.975585691
109.865503595
107.566031206
109.701211272
109.197920663
114.223105449
107.221199401
108.221575663
116.412978888
106.701693085
115.621748927
115.250662613
103.530461359
111.691461875
101.780081145
107.239221009
105.746664491
107.771353269
111.469992961
112.219533024
113.576214611
106.630065511
113.817294086
111.656970544
110.95005017
117.67122927
111.838538833
100.454434904
100.231562261
111.180237925
105.682959272
114.035036088
109.990020954
117.167986236
102.271674528
104.903977403
108.594185552
124.163045574
105.289779969
113.998160045
116.869995661
104.378922717
111.905913504
106.520882126
105.434293367
113.26550252
111.990862501
98.8449089439
104.865621477
105.054856014
110.112269016
98.4634090654
114.930710473
100.46306061
108.922322623
107.275353121
108.935354207
117.274820417
110.721077973
108.010228069
107.954992346
104.381780911
103.397084723
110.361457595
108.190483989
108.995779389
110.456258634
102.132615746
112.48958875
106.758402509
110.744294756
111.604115434
113.318368692
112.785338338
102.048597216
111.407159102
112.288542329
116.186594917
106.652967932
108.597477875
115.589447767
112.479109742
105.775418418
108.736890895
109.587258441
107.577628327
113.617528294
107.415822285
115.187084633
112.487833974
100.382487203
107.898361808
109.053274301
111.165828769
106.243125189
112.7985533
107.714019551
113.280118764
106.716947837
108.993364302
114.86391494
102.52288239
112.385121239
104.842915941
111.656971069
119.404392713
107.005048902
107.401734391
107.072926855
108.745976612
110.055067853
110.108632838
107.787074608
105.706481473
100.713444176
106.10655323
107.115364078
117.048306222
106.119464116
97.5103429847
116.486203612
114.580601687
100.80577031
105.993403798
101.964567987
119.583353572
109.143852125
111.960544673
99.3935984852
98.8280959291
110.607294382
109.167265804
93.9255710715
104.604936596
111.19574975
107.602865865
113.525939492
109.054638974
103.249749545
107.472738396
113.159585245
111.786540781
105.880881818
113.991665271
107.82899608
98.714381389
105.886949051
102.771817053
110.517761356
107.519813923
104.743262197
119.88182153
105.230139466
105.737683122
107.253639843
112.526775283
112.599601658
110.346369296
113.165024543
113.377341807
109.947677152
108.394971664
99.330016192
113.31202588
104.291953974
111.349252202
109.662029064
108.257762885
102.823413214
103.284457152
118.205892479
109.284524921
110.873812822
104.252722399
118.214456186
104.090085866
111.035270692
109.852144932
107.230544242
104.537523041
114.72735651
109.808545459
110.702048095
122.984734408
99.2754767974
108.866841607
113.238040124
120.315302371
117.267161386
113.880819205
97.7820275797
110.430540457
105.669681869
103.779823132
119.681227704
104.081744398
109.136292224
99.8446995852
109.597197971
108.455625594
117.428759985
106.082987333
115.262143875
103.070377548
111.185474829
104.99434838
118.784132198
103.174881125
118.819455997
104.993295231
117.068333775
104.107105988
109.072055395
110.314929305
107.162407244
106.939777415
108.428522013
100.748610179
109.944001189
110.171575231
102.192760674
108.543414148
103.734733687
97.4179091519
107.407533387
100.643764419
109.282972236
106.439465664
117.156261842
111.017364218
110.045384236
112.745979082
102.744175203
109.586346196
107.527088118
103.889929759
112.612635348
