2
0
0
5
40
8
0.015625
-0.335938
-0.851562
-0.945312
0.328125
-0.023438
-0.757812
-0.585938
-0.593750
-0.828125
-0.859375
0.054688
0.750000
-0.539062
0.929688
-0.960938
0.257812
-0.390625
-0.109375
-0.046875
-0.859375
0.593750
-0.179688
-0.750000
-0.617188
0.914062
0.023438
-0.250000
-0.109375
0.281250
0.046875
-0.703125
0.453125
-0.640625
-0.648438
-0.570312
0.898438
-0.039062
0.828125
0.710938
0.265625
0.625000
-0.531250
0.335938
0.460938
-0.742188
0.750000
0.132812
0.734375
0.882812
-0.375000
0.023438
0.656250
-0.632812
0.296875
-0.585938
-0.843750
0.320312
0.539062
0.390625
0.210938
-0.015625
-0.625000
-0.171875
-0.773438
-0.937500
0.328125
0.804688
0.328125
0.476562
0.960938
-0.218750
-0.500000
0.476562
-0.031250
0.453125
-0.421875
-0.632812
0.640625
0.171875
-0.414062
0.039062
0.046875
-0.750000
-0.906250
-0.796875
-0.679688
0.429688
-0.164062
0.757812
-0.171875
-0.398438
-0.625000
-0.125000
-0.453125
-0.718750
0.453125
0.007812
-0.023438
-0.515625
-0.281250
-0.484375
-0.609375
0.273438
0.453125
0.179688
0.343750
-0.734375
0.382812
-0.195312
0.453125
-0.460938
-0.414062
-0.617188
-0.562500
0.898438
0.218750
0.664062
0.406250
0.546875
-0.320312
-0.187500
0.921875
-0.898438
0.968750
-0.429688
0.039062
-0.671875
0.148438
-0.226562
0.273438
-0.664062
0.023438
0.367188
0.828125
-0.585938
0.812500
0.546875
0.726562
-0.265625
-0.148438
-0.757812
-0.632812
0.812500
0.945312
-0.867188
0.625000
-0.289062
0.015625
-0.109375
0.859375
-0.109375
-0.734375
-0.507812
-0.953125
0.093750
0.484375
0.164062
0.625000
0.140625
0.234375
-0.492188
0.867188
-0.656250
0.242188
-0.093750
-0.539062
-0.421875
-0.859375
-0.484375
0.859375
-0.453125
0.898438
0.101562
-0.781250
-0.992188
0.085938
0.328125
-0.507812
-0.625000
0.710938
0.406250
0.078125
-0.250000
-0.617188
-0.500000
-0.039062
-0.382812
-0.328125
-0.648438
0.843750
-0.687500
0.679688
-0.382812
0.921875
-0.835938
-0.703125
0.296875
0.789062
0.054688
0.390625
0.085938
-0.203125
0.531250
-0.742188
0.398438
-0.593750
0.023438
-0.765625
0.609375
0.484375
0.046875
0.210938
-0.546875
-0.242188
-0.851562
-0.007812
-0.101562
-0.039062
0.921875
0.570312
0.359375
0.515625
0.531250
0.859375
-0.101562
0.351562
0.328125
-0.093750
-0.070312
0.875000
0.257812
0.453125
0.585938
0.867188
-0.406250
-0.250000
-0.585938
-0.054688
-0.921875
-0.164062
0.398438
-0.914062
0.593750
-0.625000
0.937500
-0.445312
-0.328125
-0.992188
0.093750
-0.023438
-0.054688
0.156250
0.679688
-0.882812
0.445312
-0.671875
0.359375
0.296875
0.953125
-0.906250
-0.539062
-0.906250
0.718750
0.648438
-0.367188
0.210938
0.914062
0.164062
-0.437500
-0.320312
0.515625
0.812500
0.929688
0.476562
0.367188
0.125000
-0.726562
0.187500
0.679688
0.578125
0.625000
0.281250
-0.156250
0.742188
0.640625
0.523438
-0.921875
0.835938
0.007812
-0.953125
-0.453125
0.226562
-0.859375
0.312500
0.031250
0.445312
-0.757812
0.906250
-0.070312
0.023438
-0.296875
0.085938
0.921875
-0.664062
-0.882812
0.265625
0.320312
0.546875
0.968750
-0.671875
-0.585938
-0.351562
0.703125
0.539062
0.046875
-0.500000
-0.367188
0.914062
-0.398438
-0.710938
0.875000
-0.773438
0.250000
0.406250
0.000000
0.031250
-0.992188
-0.921875
-0.500000
0.078125
-0.468750
0.812500
0.007812
0.453125
0.890625
-0.085938
0.796875
-0.609375
0.281250
-0.046875
-0.460938
-0.960938
-0.210938
-0.468750
-0.976562
0.679688
-0.687500
0.625000
-0.804688
0.546875
0.281250
0.429688
-0.226562
-0.679688
-0.484375
0.757812
0.468750
0.164062
0.890625
-0.296875
-0.265625
0.781250
0.742188
0.328125
-0.398438
-0.914062
0.117188
0.164062
-0.578125
-0.406250
-0.156250
-0.367188
0.398438
0.546875
-0.984375
0.632812
0.578125
-0.671875
-0.281250
0.835938
-0.398438
-0.562500
0.500000
-0.273438
0.046875
-0.000000
-0.281250
-0.640625
0.953125
0.578125
0.101562
0.617188
-0.039062
0.375000
0.109375
0.718750
-0.523438
0.070312
-0.320312
0.671875
0.617188
-0.289062
-0.625000
-0.750000
-0.078125
0.343750
0.250000
-0.703125
0.742188
-0.078125
0.039062
0.031250
-0.781250
-0.171875
0.539062
-0.289062
0.484375
-0.960938
0.359375
0.046875
-0.257812
0.375000
0.945312
-0.453125
0.601562
-0.687500
0.968750
0.976562
0.203125
-0.500000
-0.367188
0.476562
-0.398438
-0.703125
0.335938
0.117188
-0.046875
-0.796875
-0.125000
0.523438
0.929688
0.117188
-0.703125
-0.171875
0.312500
-0.109375
-0.757812
0.335938
0.062500
0.148438
-0.398438
0.265625
-0.570312
-0.156250
-0.828125
0.109375
-0.507812
0.148438
-0.460938
-0.539062
0.015625
0.820312
-0.554688
0.789062
-0.421875
0.859375
0.515625
-0.078125
0.359375
0.226562
0.031250
0.226562
-0.671875
-0.515625
0.710938
0.648438
0.554688
0.820312
0.164062
0.101562
0.265625
-0.351562
0.015625
0.468750
-0.125000
0.625000
-0.398438
0.101562
-0.148438
-0.039062
-0.515625
0.523438
-0.882812
0.882812
-0.945312
0.312500
0.828125
-0.968750
0.140625
0.492188
0.953125
-0.296875
-0.601562
-0.765625
-0.093750
0.812500
-0.117188
0.484375
-0.867188
-0.289062
0.875000
-0.343750
0.937500
0.585938
-0.164062
-0.757812
-0.601562
0.437500
0.632812
-0.304688
-0.507812
-0.531250
0.265625
0.109375
0.914062
0.367188
0.250000
0.062500
-0.914062
-0.945312
-0.382812
0.281250
-0.882812
-0.054688
-0.976562
-0.843750
0.820312
0.343750
0.632812
0.484375
-0.015625
-0.796875
0.867188
-0.679688
0.554688
0.320312
-0.937500
-0.765625
0.835938
0.187500
0.960938
-0.945312
0.945312
-0.070312
-0.054688
0.085938
-0.578125
-0.609375
-0.882812
-0.328125
-0.953125
0.218750
0.968750
-0.617188
