2
0
0
5
40
8
-0.921875
-0.898438
0.695312
0.273438
-0.101562
-0.726562
-0.585938
0.265625
-0.078125
-0.187500
-0.609375
-0.562500
0.382812
0.031250
0.640625
-0.015625
0.304688
-0.351562
0.148438
0.601562
-0.937500
0.695312
-0.742188
0.914062
0.656250
0.203125
-0.835938
-0.468750
-0.921875
0.679688
0.234375
0.203125
-0.906250
0.320312
-0.320312
0.437500
-0.507812
0.414062
-0.945312
0.914062
0.375000
0.843750
-0.812500
-0.921875
-0.421875
-0.289062
0.289062
0.828125
0.179688
0.359375
-0.140625
-0.265625
0.796875
-0.179688
0.812500
0.812500
-0.187500
0.250000
-0.585938
0.429688
-0.015625
-0.484375
0.945312
0.765625
0.554688
0.242188
0.140625
-0.179688
-0.445312
0.195312
0.179688
-0.328125
0.367188
-0.296875
0.351562
-0.828125
0.179688
-0.226562
-0.632812
-0.601562
-0.398438
0.921875
0.968750
0.226562
-0.742188
0.460938
-0.101562
-0.195312
0.171875
-0.257812
0.476562
-0.195312
0.054688
-0.195312
0.796875
0.976562
-0.179688
-0.851562
-0.890625
-0.351562
0.109375
0.429688
0.078125
0.296875
-0.601562
0.765625
0.937500
0.539062
0.421875
-0.156250
0.570312
-0.195312
-0.898438
0.781250
0.132812
0.203125
-0.265625
-0.210938
-0.179688
-0.539062
-0.984375
-0.914062
-0.664062
-0.625000
0.468750
0.773438
-0.468750
0.460938
0.203125
0.562500
0.914062
0.726562
-0.210938
-0.851562
0.906250
0.359375
0.382812
0.992188
0.085938
0.406250
-0.906250
0.890625
0.671875
0.062500
-0.921875
0.593750
0.765625
-0.578125
-0.156250
0.351562
0.679688
0.390625
-0.992188
-0.281250
-0.476562
-0.679688
-0.546875
0.507812
0.187500
0.304688
0.750000
-0.609375
-0.250000
0.546875
0.484375
0.062500
0.578125
-0.570312
0.695312
0.421875
-0.812500
-0.601562
0.421875
-0.257812
-0.835938
-0.804688
0.117188
0.359375
-0.273438
-0.796875
-0.945312
0.882812
0.718750
0.234375
-0.304688
0.125000
-0.265625
0.984375
-0.554688
-0.648438
-0.742188
0.679688
0.882812
0.023438
-0.523438
-0.632812
-0.015625
0.007812
-0.273438
-0.726562
-0.375000
0.296875
-0.054688
0.359375
0.304688
0.343750
-0.078125
0.171875
-0.156250
-0.109375
-0.710938
0.539062
0.531250
-0.101562
-0.601562
0.015625
-0.507812
0.273438
-0.796875
0.539062
0.406250
0.054688
0.250000
0.078125
0.781250
-0.664062
0.750000
0.031250
0.640625
-0.335938
-0.429688
-0.992188
0.507812
0.398438
-0.382812
0.875000
0.867188
-0.734375
0.015625
0.335938
-0.335938
-0.742188
-0.750000
-0.054688
-0.375000
-0.273438
0.312500
0.054688
-0.148438
-0.226562
0.421875
-0.679688
-0.632812
0.125000
0.750000
-0.437500
0.273438
0.593750
0.734375
-0.492188
0.835938
-0.070312
0.664062
0.695312
-0.859375
-0.546875
0.367188
-0.023438
-0.312500
0.500000
0.734375
-0.664062
-0.640625
-0.140625
-0.812500
0.085938
0.539062
-0.398438
0.710938
-0.796875
0.562500
0.617188
0.523438
-0.921875
0.976562
0.484375
0.617188
0.515625
-0.195312
0.242188
-0.617188
0.054688
-0.617188
-0.578125
-0.570312
0.109375
0.218750
0.171875
-0.015625
0.671875
-0.789062
0.007812
0.812500
0.367188
0.375000
0.046875
0.210938
0.765625
-0.429688
0.796875
-0.546875
0.609375
0.265625
0.554688
-0.679688
0.320312
-0.171875
0.812500
-0.437500
0.023438
0.742188
-0.007812
0.984375
-0.546875
-0.359375
-0.585938
-0.398438
0.789062
-0.359375
0.523438
0.101562
0.914062
-0.117188
0.843750
-0.015625
0.257812
0.226562
0.062500
0.335938
-0.406250
-0.312500
0.140625
0.437500
0.492188
0.992188
-0.718750
0.960938
0.195312
-0.335938
0.640625
-0.820312
0.054688
-0.335938
-0.000000
-0.023438
-0.898438
-0.109375
-0.593750
-0.218750
-0.898438
-0.750000
-0.648438
0.234375
0.609375
0.031250
0.273438
0.507812
-0.367188
-0.500000
-0.718750
-0.687500
-0.093750
-0.132812
-0.429688
0.734375
-0.343750
-0.710938
0.109375
0.468750
-0.523438
-0.726562
-0.242188
-0.062500
-0.437500
-0.796875
-0.828125
0.281250
0.953125
-0.640625
-0.023438
0.351562
-0.023438
-0.710938
0.375000
0.554688
-0.164062
0.023438
0.070312
-0.484375
-0.906250
0.046875
0.687500
-0.109375
0.281250
-0.500000
-0.953125
0.890625
0.093750
0.609375
0.406250
0.960938
0.195312
-0.335938
-0.468750
0.875000
0.187500
0.273438
0.351562
0.609375
-0.835938
0.281250
-0.625000
-0.898438
-0.046875
-0.929688
0.031250
0.828125
0.648438
-0.195312
0.750000
-0.734375
-0.398438
-0.570312
-0.710938
0.734375
-0.437500
0.203125
0.726562
-0.257812
-0.781250
0.460938
-0.718750
-0.648438
-0.492188
-0.585938
-0.062500
0.046875
-0.343750
0.375000
0.226562
-0.312500
0.640625
-0.210938
-0.359375
-0.000000
0.328125
-0.859375
-0.093750
-0.710938
-0.093750
0.664062
0.382812
-0.312500
-0.070312
-0.085938
-0.968750
-0.507812
0.406250
-0.593750
0.898438
-0.132812
-0.679688
0.695312
-0.945312
0.218750
0.476562
0.429688
0.054688
-0.507812
0.085938
-0.453125
0.546875
0.718750
-0.054688
0.390625
-0.757812
0.203125
0.570312
0.703125
-0.085938
-0.585938
-0.859375
0.382812
-0.328125
-0.617188
-0.789062
-0.632812
-0.250000
-0.132812
-0.882812
-0.718750
-0.710938
-0.132812
-0.617188
0.218750
0.359375
-0.968750
0.085938
0.929688
-0.312500
-0.789062
0.960938
-0.109375
-0.429688
-0.906250
0.726562
-0.320312
0.609375
0.453125
-0.882812
0.835938
-0.757812
0.179688
-0.710938
-0.265625
-0.046875
-0.664062
0.960938
0.484375
-0.539062
0.156250
0.718750
-0.328125
-0.617188
-0.226562
0.093750
-0.812500
-0.507812
0.468750
-0.062500
-0.601562
0.867188
0.203125
0.593750
0.546875
0.156250
0.406250
0.093750
0.531250
-0.492188
-0.921875
-0.242188
0.789062
-0.757812
-0.664062
-0.117188
0.343750
0.867188
0.578125
-0.312500
-0.585938
-0.226562
-0.312500
0.507812
0.437500
