2
0
0
5
40
8
0.359375
0.765625
0.554688
-0.515625
0.195312
-0.726562
0.468750
0.828125
-0.851562
0.085938
-0.546875
0.398438
-0.632812
0.437500
-0.656250
-0.859375
0.867188
0.234375
0.562500
-0.500000
-0.445312
-0.531250
-0.007812
-0.812500
0.898438
-0.984375
0.562500
-0.617188
0.273438
-0.031250
0.187500
0.453125
0.132812
0.507812
-0.570312
-0.812500
0.867188
0.632812
-0.468750
-0.601562
0.976562
0.078125
-0.257812
-0.445312
-0.101562
-0.109375
0.015625
0.296875
-0.062500
-0.320312
0.390625
-0.210938
0.429688
-0.414062
-0.164062
-0.265625
0.906250
-0.367188
-0.523438
-0.476562
0.531250
-0.609375
0.023438
0.492188
0.648438
0.671875
-0.046875
-0.218750
0.445312
-0.179688
-0.914062
-0.242188
-0.054688
-0.734375
0.085938
0.218750
-0.882812
0.460938
0.835938
0.664062
0.585938
0.132812
-0.937500
-0.906250
0.046875
0.304688
0.179688
0.507812
0.320312
0.531250
0.101562
0.476562
-0.687500
0.015625
-0.507812
-0.578125
-0.750000
0.593750
0.968750
0.132812
-0.953125
-0.109375
0.476562
-0.406250
0.843750
-0.320312
0.914062
-0.507812
0.914062
-0.695312
0.500000
0.085938
-0.085938
-0.515625
0.500000
-0.015625
0.554688
-0.742188
-0.648438
-0.953125
-0.734375
0.898438
-0.718750
-0.601562
-0.101562
0.937500
-0.523438
0.632812
-0.789062
0.687500
-0.046875
0.632812
-0.359375
0.992188
-0.312500
0.359375
-0.171875
0.054688
-0.390625
0.226562
0.031250
-0.179688
-0.039062
-0.625000
-0.234375
-0.242188
-0.859375
0.929688
-0.109375
-0.664062
0.882812
0.609375
-0.765625
-0.906250
0.015625
-0.609375
0.398438
-0.210938
0.992188
0.437500
0.828125
0.875000
0.914062
-0.007812
-0.851562
0.515625
0.328125
0.296875
-0.531250
0.320312
0.281250
-0.703125
-0.210938
-0.023438
0.343750
-0.593750
-0.312500
-0.164062
-0.953125
-0.562500
0.984375
-0.625000
0.398438
0.992188
0.437500
0.000000
0.765625
-0.320312
-0.867188
-0.687500
0.507812
0.578125
-0.312500
-0.000000
-0.710938
-0.984375
-0.148438
0.710938
-0.031250
0.890625
-0.398438
0.726562
-0.789062
-0.703125
0.117188
0.718750
0.078125
-0.171875
0.625000
-0.085938
0.539062
-0.140625
-0.289062
-0.226562
0.257812
0.250000
0.500000
-0.367188
0.585938
0.210938
0.562500
0.695312
-0.273438
-0.546875
0.726562
0.164062
-0.804688
0.750000
0.921875
0.500000
0.554688
0.250000
-0.742188
0.921875
-0.656250
-0.132812
-0.117188
-0.679688
0.789062
-0.125000
0.148438
-0.742188
0.085938
-0.671875
-0.164062
0.242188
-0.937500
0.101562
-0.218750
-0.875000
-0.421875
-0.718750
-0.210938
-0.062500
0.929688
0.187500
-0.265625
-0.500000
-0.476562
-0.843750
-0.398438
0.812500
0.437500
-0.523438
0.375000
0.156250
-0.843750
-0.398438
0.015625
0.507812
-0.984375
-0.265625
0.953125
-0.617188
0.671875
0.609375
0.398438
0.476562
0.250000
-0.242188
-0.390625
0.210938
-0.140625
-0.812500
0.609375
-0.937500
0.453125
0.140625
-0.671875
0.351562
0.171875
-0.929688
0.234375
0.195312
0.671875
-0.906250
-0.750000
0.335938
-0.203125
-0.898438
-0.937500
0.734375
-0.734375
0.859375
0.992188
-0.828125
-0.929688
0.921875
0.414062
0.945312
-0.546875
0.320312
-0.226562
0.804688
0.898438
-0.812500
0.468750
-0.664062
0.054688
0.570312
0.062500
0.335938
0.851562
0.375000
0.125000
0.945312
0.195312
0.000000
0.859375
-0.250000
0.375000
0.000000
-0.734375
-0.000000
0.281250
-0.203125
-0.320312
-0.968750
-0.734375
-0.617188
-0.437500
-0.781250
-0.789062
0.054688
-0.007812
-0.062500
-0.679688
-0.898438
0.632812
0.343750
-0.664062
0.828125
-0.921875
0.179688
0.546875
0.000000
-0.875000
-0.476562
0.484375
-0.007812
-0.914062
-0.632812
0.093750
-0.148438
0.078125
0.835938
0.984375
-0.156250
-0.601562
0.171875
-0.257812
0.484375
0.109375
-0.953125
-0.132812
-0.617188
-0.929688
0.234375
-0.804688
-0.765625
0.750000
0.179688
-0.382812
-0.750000
-0.695312
-0.437500
-0.406250
-0.710938
-0.523438
0.062500
0.484375
0.937500
0.609375
0.703125
0.320312
-0.031250
0.242188
0.531250
-0.609375
-0.195312
0.140625
-0.687500
-0.312500
0.125000
0.609375
0.632812
0.562500
-0.382812
-0.320312
0.304688
0.929688
0.578125
0.710938
-0.476562
0.585938
-0.289062
0.179688
-0.359375
-0.023438
0.367188
-0.460938
0.343750
-0.156250
0.898438
0.046875
-0.203125
-0.476562
0.828125
0.101562
-0.734375
-0.632812
-0.851562
-0.335938
-0.609375
0.937500
-0.664062
-0.164062
-0.312500
-0.289062
0.664062
-0.132812
0.789062
-0.640625
-0.898438
0.515625
0.023438
-0.882812
-0.828125
-0.125000
0.062500
-0.703125
-0.148438
0.859375
-0.585938
-0.609375
-0.960938
0.234375
0.265625
-0.593750
-0.031250
-0.101562
-0.812500
0.179688
-0.914062
-0.320312
-0.921875
-0.437500
0.351562
-0.976562
-0.679688
-0.281250
-0.476562
0.578125
-0.875000
0.609375
-0.367188
-0.812500
-0.820312
-0.328125
0.398438
0.468750
0.695312
-0.765625
-0.156250
-0.515625
-0.914062
0.773438
0.648438
-0.742188
0.085938
-0.718750
0.273438
0.664062
-0.281250
0.460938
0.445312
0.546875
-0.500000
0.968750
-0.796875
0.203125
-0.640625
0.210938
0.281250
-0.257812
0.601562
0.445312
-0.484375
-0.585938
-0.445312
0.914062
-0.531250
0.109375
-0.945312
-0.968750
-0.421875
0.703125
-0.828125
-0.023438
-0.210938
-0.023438
-0.250000
-0.218750
-0.375000
0.609375
0.062500
-0.781250
-0.843750
0.140625
0.679688
0.351562
0.992188
-0.390625
0.117188
0.445312
-0.500000
0.851562
-0.265625
0.375000
-0.570312
-0.914062
0.257812
-0.742188
0.406250
0.906250
-0.023438
0.875000
0.929688
0.210938
0.375000
-0.500000
0.328125
0.765625
0.398438
-0.875000
0.640625
-0.226562
-0.710938
-0.140625
0.039062
0.906250
0.828125
-0.656250
-0.210938
-0.101562
