2
0
0
5
40
8
0.156250
0.953125
-0.429688
-0.671875
-0.453125
-0.812500
-0.437500
-0.476562
-0.562500
-0.039062
-0.578125
-0.359375
-0.304688
-0.804688
0.179688
-0.179688
-0.382812
0.781250
-0.453125
-0.906250
-0.890625
-0.062500
0.164062
0.500000
0.257812
-0.335938
0.781250
0.242188
-0.468750
-0.031250
0.500000
-0.773438
-0.062500
0.281250
0.843750
0.054688
-0.796875
0.351562
0.851562
-0.546875
-0.671875
-0.046875
0.179688
0.789062
0.515625
0.523438
0.531250
0.906250
0.960938
-0.609375
0.710938
0.046875
0.382812
0.453125
0.375000
-0.890625
0.867188
0.960938
0.234375
0.250000
-0.625000
-0.531250
0.492188
-0.281250
0.984375
-0.710938
-0.539062
-0.960938
-0.007812
-0.109375
0.507812
0.937500
-0.687500
-0.312500
0.070312
0.687500
-0.359375
-0.140625
0.906250
0.468750
0.953125
0.835938
0.351562
0.710938
0.171875
0.945312
0.976562
-0.117188
0.546875
0.296875
-0.804688
-0.765625
-0.960938
0.289062
0.757812
-0.664062
-0.835938
-0.906250
0.578125
0.859375
0.218750
0.781250
0.710938
-0.281250
-0.000000
0.796875
0.835938
-0.898438
0.515625
0.109375
-0.109375
0.820312
0.031250
-0.257812
0.421875
0.476562
-0.468750
-0.976562
0.320312
-0.523438
-0.359375
0.195312
0.882812
-0.328125
0.242188
-0.656250
0.023438
-0.281250
-0.414062
0.546875
-0.937500
-0.187500
-0.882812
-0.898438
-0.203125
0.414062
-0.718750
0.296875
-0.812500
0.468750
-0.515625
0.242188
0.398438
0.632812
-0.179688
-0.656250
-0.726562
0.468750
-0.226562
-0.187500
-0.187500
-0.789062
0.414062
0.125000
0.289062
-0.890625
0.085938
-0.429688
-0.429688
0.054688
-0.968750
-0.664062
0.765625
0.937500
-0.773438
-0.796875
-0.164062
-0.562500
-0.054688
0.429688
-0.078125
-0.593750
-0.632812
0.109375
-0.171875
0.218750
0.304688
-0.859375
-0.992188
-0.351562
-0.796875
0.218750
-0.554688
-0.367188
0.890625
0.562500
-0.054688
0.664062
0.609375
0.703125
-0.695312
-0.156250
0.312500
-0.289062
0.718750
-0.875000
0.562500
0.632812
-0.539062
0.281250
0.703125
0.867188
0.320312
0.781250
0.820312
-0.554688
-0.867188
0.281250
0.578125
-0.828125
-0.265625
-0.421875
-0.015625
-0.046875
-0.132812
0.523438
0.601562
-0.460938
0.125000
-0.835938
-0.882812
0.765625
0.773438
-0.304688
0.132812
0.750000
-0.398438
0.328125
0.406250
-0.734375
-0.156250
-0.710938
0.078125
-0.804688
-0.507812
-0.601562
-0.453125
0.757812
-0.437500
-0.796875
-0.335938
-0.429688
0.148438
-0.320312
-0.835938
0.046875
0.757812
-0.804688
0.828125
0.570312
-0.929688
-0.406250
0.742188
-0.023438
0.273438
0.085938
-0.828125
0.531250
-0.726562
-0.164062
0.921875
0.781250
0.445312
0.187500
0.351562
0.640625
-0.273438
0.500000
0.648438
0.609375
-0.273438
0.843750
0.375000
-0.453125
0.226562
0.781250
-0.914062
-0.585938
0.695312
-0.914062
-0.968750
0.945312
-0.851562
-0.703125
0.492188
0.140625
-0.187500
0.242188
-0.109375
0.820312
0.570312
0.218750
-0.171875
0.117188
0.960938
0.843750
0.757812
-0.335938
-0.835938
-0.265625
-0.187500
0.609375
0.140625
0.039062
0.429688
-0.773438
-0.734375
0.101562
-0.554688
0.164062
0.250000
0.085938
-0.328125
0.789062
-0.984375
-0.156250
-0.742188
-0.468750
0.531250
-0.351562
0.218750
-0.570312
0.289062
-0.906250
-0.484375
-0.515625
-0.656250
0.492188
-0.539062
-0.429688
0.539062
-0.554688
0.968750
-0.335938
-0.328125
-0.523438
-0.500000
0.726562
-0.257812
-0.968750
0.351562
-0.304688
-0.148438
-0.367188
0.187500
-0.937500
-0.234375
-0.445312
0.218750
0.968750
0.234375
-0.250000
0.203125
-0.296875
-0.773438
-0.414062
0.148438
0.750000
-0.664062
0.085938
0.265625
-0.851562
-0.156250
-0.070312
0.601562
0.859375
-0.929688
-0.000000
-0.078125
0.242188
0.187500
0.289062
-0.031250
0.437500
0.976562
0.789062
-0.445312
0.781250
0.625000
-0.914062
-0.843750
0.523438
-0.718750
0.914062
0.789062
0.382812
-0.062500
-0.914062
-0.468750
-0.406250
-0.234375
0.187500
0.507812
0.648438
0.664062
-0.148438
-0.906250
0.265625
0.085938
0.609375
-0.492188
-0.976562
-0.046875
-0.578125
0.273438
-0.914062
-0.429688
0.953125
-0.218750
0.773438
0.546875
-0.593750
0.390625
-0.835938
-0.218750
0.351562
0.007812
-0.804688
-0.867188
-0.320312
0.273438
-0.929688
0.453125
0.015625
-0.703125
-0.218750
-0.750000
-0.187500
-0.257812
-0.062500
0.007812
-0.843750
-0.523438
-0.265625
0.539062
0.929688
0.859375
-0.945312
-0.476562
0.539062
0.789062
0.976562
-0.726562
0.632812
-0.796875
-0.367188
-0.085938
-0.585938
0.328125
-0.273438
0.898438
0.875000
0.539062
0.796875
0.031250
0.500000
0.546875
0.109375
-0.500000
0.351562
0.890625
0.320312
-0.492188
0.406250
0.867188
-0.304688
0.156250
0.789062
0.437500
0.085938
0.570312
-0.796875
-0.320312
0.742188
-0.523438
0.335938
-0.265625
-0.609375
0.531250
-0.554688
0.828125
0.671875
-0.929688
0.867188
0.460938
-0.664062
0.546875
-0.335938
-0.109375
0.625000
-0.679688
-0.437500
-0.539062
0.007812
-0.078125
0.953125
-0.656250
-0.078125
0.125000
-0.609375
-0.625000
-0.101562
-0.968750
0.093750
-0.203125
0.703125
-0.070312
0.882812
0.390625
0.679688
-0.585938
-0.867188
-0.460938
0.554688
-0.789062
0.914062
-0.546875
-0.734375
-0.195312
-0.218750
0.257812
0.179688
0.648438
0.914062
0.835938
0.617188
-0.656250
-0.695312
-0.250000
-0.273438
0.062500
0.132812
0.578125
0.265625
0.531250
-0.367188
0.734375
-0.195312
-0.460938
0.460938
0.648438
0.148438
-0.273438
-0.101562
0.023438
0.054688
0.109375
0.187500
-0.125000
0.500000
0.460938
0.007812
-0.406250
0.429688
-0.070312
0.343750
0.804688
0.109375
0.125000
-0.070312
-0.617188
-0.781250
-0.453125
0.648438
-0.773438
