2
0
0
5
40
8
0.453125
0.820312
0.234375
-0.765625
0.460938
0.945312
0.312500
-0.140625
0.992188
0.132812
0.984375
-0.421875
0.671875
-0.796875
-0.117188
-0.195312
-0.453125
-0.218750
-0.445312
0.023438
0.156250
-0.429688
-0.132812
-0.460938
-0.984375
-0.921875
-0.804688
-0.039062
-0.757812
-0.312500
-0.664062
-0.523438
-0.437500
0.710938
-0.242188
0.812500
-0.851562
-0.585938
0.226562
0.929688
-0.289062
0.296875
-0.585938
0.273438
-0.468750
0.554688
0.960938
-0.382812
0.570312
0.320312
-0.882812
0.007812
-0.367188
-0.867188
-0.125000
0.414062
-0.554688
0.773438
-0.687500
0.789062
0.109375
0.164062
0.984375
0.085938
0.820312
0.226562
0.640625
0.023438
-0.843750
-0.367188
-0.937500
0.156250
0.507812
-0.757812
-0.984375
-0.789062
0.359375
0.007812
-0.679688
0.476562
0.890625
0.523438
-0.234375
-0.296875
0.250000
-0.203125
0.734375
-0.460938
-0.406250
0.390625
0.671875
0.484375
-0.281250
0.765625
0.750000
-0.093750
-0.710938
0.320312
-0.812500
0.210938
0.125000
0.632812
-0.390625
0.265625
0.984375
-0.375000
0.250000
0.734375
-0.757812
0.171875
-0.148438
-0.093750
0.906250
-0.898438
0.718750
-0.484375
-0.429688
0.828125
0.968750
-0.789062
-0.710938
-0.031250
-0.507812
-0.203125
0.718750
-0.414062
-0.429688
-0.617188
-0.554688
-0.187500
0.609375
0.453125
-0.875000
0.445312
-0.117188
-0.179688
-0.140625
0.703125
0.875000
0.273438
-0.695312
-0.250000
-0.992188
-0.437500
-0.843750
-0.703125
0.492188
-0.093750
0.492188
0.710938
0.335938
0.875000
0.875000
-0.945312
0.828125
0.296875
0.062500
-0.812500
-0.671875
-0.031250
0.484375
-0.843750
0.320312
-0.921875
0.429688
0.453125
0.609375
0.367188
-0.195312
0.000000
-0.117188
-0.226562
-0.726562
-0.984375
0.242188
0.632812
-0.539062
0.742188
-0.726562
0.031250
0.085938
0.656250
-0.296875
-0.921875
-0.156250
0.929688
0.312500
0.796875
-0.976562
0.726562
-0.281250
-0.453125
-0.281250
-0.273438
0.078125
0.179688
0.507812
0.250000
0.039062
-0.140625
-0.710938
0.070312
0.765625
0.257812
-0.101562
0.125000
-0.000000
0.804688
0.695312
0.062500
0.015625
0.117188
-0.617188
-0.859375
0.546875
-0.718750
-0.539062
0.742188
0.320312
0.148438
-0.921875
-0.796875
-0.367188
0.554688
0.257812
-0.898438
0.156250
-0.226562
-0.968750
-0.984375
-0.898438
0.546875
0.757812
-0.453125
-0.179688
-0.898438
-0.859375
-0.273438
-0.882812
-0.773438
-0.367188
-0.328125
-0.265625
-0.234375
-0.335938
0.960938
-0.953125
-0.539062
-0.718750
0.859375
0.179688
-0.890625
-0.929688
0.445312
0.062500
-0.601562
0.546875
-0.406250
-0.984375
0.515625
-0.898438
-0.656250
0.890625
0.046875
0.289062
0.351562
0.500000
0.539062
-0.367188
0.460938
-0.960938
-0.195312
0.445312
-0.257812
-0.937500
0.085938
0.304688
-0.140625
-0.429688
0.875000
0.562500
0.179688
-0.195312
-0.726562
0.132812
0.109375
-0.257812
-0.468750
-0.296875
-0.507812
0.304688
0.242188
-0.750000
-0.726562
-0.945312
-0.523438
-0.398438
-0.078125
0.414062
0.039062
0.812500
0.242188
-0.015625
0.976562
0.781250
0.656250
0.031250
-0.773438
-0.406250
0.492188
-0.898438
-0.828125
-0.203125
0.453125
-0.390625
-0.109375
-0.820312
0.734375
0.031250
-0.093750
0.976562
-0.546875
-0.789062
0.125000
0.648438
-0.593750
0.585938
-0.640625
-0.773438
0.890625
-0.023438
-0.140625
-0.742188
-0.125000
0.000000
0.281250
0.398438
-0.710938
-0.140625
0.671875
-0.437500
0.984375
-0.742188
0.531250
0.390625
-0.109375
0.882812
0.750000
0.273438
-0.765625
-0.367188
0.390625
0.828125
-0.453125
0.218750
0.265625
-0.179688
-0.054688
-0.601562
-0.898438
0.523438
0.664062
0.187500
0.273438
-0.421875
0.906250
0.195312
0.882812
0.773438
-0.140625
-0.796875
-0.414062
-0.937500
-0.484375
0.054688
-0.132812
0.164062
-0.539062
0.328125
-0.695312
0.476562
0.875000
0.539062
0.085938
0.109375
0.304688
0.867188
0.968750
-0.671875
-0.117188
-0.117188
-0.539062
0.101562
-0.257812
0.453125
-0.921875
0.687500
-0.976562
-0.835938
-0.101562
-0.843750
-0.789062
0.609375
-0.593750
0.632812
0.570312
-0.312500
0.640625
-0.867188
-0.578125
0.742188
0.539062
0.859375
0.601562
0.546875
-0.187500
-0.101562
-0.250000
-0.148438
0.703125
0.984375
0.007812
-0.726562
0.132812
-0.531250
0.593750
0.406250
-0.015625
-0.726562
0.476562
0.562500
-0.179688
-0.367188
-0.125000
0.703125
-0.234375
-0.109375
0.250000
-0.304688
-0.765625
0.710938
0.859375
-0.234375
0.390625
-0.835938
-0.093750
-0.679688
-0.171875
0.015625
0.531250
0.328125
-0.898438
0.390625
0.531250
-0.898438
0.578125
0.320312
-0.757812
-0.625000
-0.570312
0.976562
0.289062
-0.429688
0.687500
0.945312
0.578125
0.375000
-0.210938
0.156250
0.148438
0.015625
-0.835938
0.679688
-0.015625
0.953125
-0.031250
-0.476562
-0.960938
-0.054688
-0.687500
0.773438
-0.023438
0.445312
0.148438
0.257812
0.304688
-0.085938
-0.156250
-0.867188
-0.773438
-0.859375
-0.632812
0.929688
0.328125
-0.234375
0.515625
-0.875000
-0.031250
-0.460938
0.812500
-0.898438
0.781250
-0.765625
0.125000
-0.976562
0.648438
0.250000
0.148438
-0.468750
-0.460938
0.367188
-0.718750
0.953125
0.375000
-0.773438
-0.101562
0.390625
-0.687500
0.562500
0.203125
0.304688
0.976562
0.140625
0.593750
-0.671875
0.085938
0.734375
0.648438
-0.312500
0.164062
-0.101562
-0.140625
0.140625
-0.968750
-0.054688
-0.601562
-0.398438
0.484375
0.546875
-0.562500
0.601562
0.656250
-0.179688
-0.851562
0.015625
-0.468750
0.054688
-0.281250
0.007812
0.695312
-0.437500
0.796875
-0.695312
0.468750
-0.867188
0.109375
0.796875
-0.343750
0.875000
0.453125
-0.234375
0.476562
-0.726562
-0.734375
-0.531250
