2
0
0
5
40
8
-0.867188
0.546875
-0.210938
-0.046875
0.210938
-0.679688
-0.023438
0.312500
0.828125
-0.765625
0.125000
0.179688
0.960938
0.257812
0.570312
0.625000
-0.835938
0.085938
-0.515625
-0.429688
0.296875
-0.757812
0.031250
-0.468750
-0.093750
-0.906250
-0.148438
0.789062
-0.328125
-0.453125
0.781250
0.515625
0.593750
-0.031250
-0.492188
0.257812
-0.796875
-0.664062
-0.515625
0.046875
0.039062
0.914062
0.820312
0.351562
-0.648438
-0.195312
-0.867188
-0.632812
-0.328125
0.695312
0.929688
0.617188
-0.265625
-0.867188
0.750000
-0.117188
0.273438
-0.156250
0.843750
-0.375000
-0.679688
0.539062
0.750000
0.789062
0.531250
0.218750
0.703125
0.117188
0.585938
0.507812
0.171875
-0.117188
-0.828125
0.015625
0.554688
-0.859375
0.601562
-0.031250
-0.179688
-0.093750
0.085938
0.843750
0.273438
-0.851562
-0.296875
0.140625
-0.718750
-0.804688
0.796875
-0.679688
0.562500
-0.726562
0.765625
0.804688
0.984375
-0.867188
0.242188
0.328125
-0.289062
0.890625
0.875000
-0.562500
0.085938
-0.382812
-0.679688
0.812500
0.695312
0.687500
0.328125
0.140625
-0.375000
-0.492188
0.960938
0.898438
0.578125
-0.296875
0.421875
0.289062
0.453125
-0.671875
-0.453125
0.625000
-0.757812
-0.234375
-0.953125
-0.929688
0.359375
-0.531250
0.820312
-0.625000
0.882812
0.343750
0.585938
-0.734375
0.476562
-0.453125
-0.718750
0.312500
-0.859375
-0.390625
-0.781250
-0.648438
0.460938
0.742188
0.312500
-0.945312
0.578125
-0.765625
0.703125
-0.687500
0.734375
0.000000
-0.281250
0.492188
0.640625
0.148438
0.921875
0.468750
0.429688
-0.164062
0.531250
-0.351562
0.078125
0.867188
0.523438
0.140625
0.710938
-0.101562
-0.179688
-0.734375
-0.289062
-0.187500
0.117188
0.203125
0.804688
-0.617188
-0.656250
-0.421875
0.078125
-0.437500
-0.429688
0.085938
0.851562
-0.562500
-0.445312
-0.601562
0.773438
-0.953125
0.953125
-0.796875
0.718750
0.281250
0.382812
-0.875000
-0.265625
0.101562
-0.914062
0.851562
-0.375000
-0.062500
-0.921875
0.078125
0.062500
0.000000
-0.453125
0.656250
-0.281250
0.601562
-0.007812
-0.195312
0.765625
-0.804688
-0.023438
-0.796875
0.828125
-0.085938
0.773438
-0.476562
0.734375
-0.585938
-0.406250
-0.476562
0.218750
0.265625
-0.898438
0.664062
-0.210938
-0.484375
0.867188
0.078125
0.414062
-0.320312
-0.335938
0.976562
-0.671875
-0.046875
-0.023438
-0.187500
0.539062
-0.898438
0.273438
0.031250
0.359375
0.046875
-0.148438
0.796875
0.218750
-0.210938
0.156250
-0.656250
-0.148438
0.937500
0.789062
0.796875
-0.960938
-0.179688
0.320312
-0.898438
-0.265625
0.335938
0.968750
0.789062
-0.601562
-0.867188
0.648438
-0.492188
0.906250
0.195312
-0.164062
-0.437500
-0.890625
0.414062
-0.218750
-0.843750
0.031250
-0.914062
-0.539062
0.312500
0.039062
0.914062
0.796875
-0.742188
-0.929688
0.078125
-0.195312
-0.117188
0.226562
-0.390625
0.968750
0.218750
-0.796875
-0.390625
-0.640625
-0.070312
-0.789062
-0.812500
-0.343750
-0.109375
0.632812
-0.773438
0.453125
0.445312
-0.234375
0.257812
0.562500
0.914062
0.890625
0.414062
0.281250
-0.945312
-0.734375
0.359375
-0.007812
-0.023438
0.742188
0.492188
-0.976562
-0.476562
0.125000
0.359375
0.085938
-0.109375
-0.953125
0.671875
-0.554688
0.453125
-0.742188
0.554688
-0.976562
-0.562500
-0.265625
-0.882812
-0.078125
-0.023438
-0.453125
-0.140625
0.648438
0.554688
-0.054688
0.593750
-0.976562
0.335938
0.835938
-0.953125
-0.359375
0.125000
-0.046875
0.953125
0.031250
-0.390625
0.500000
-0.593750
0.062500
0.960938
-0.703125
0.710938
0.984375
0.273438
-0.640625
-0.304688
0.062500
0.718750
-0.984375
-0.437500
-0.570312
-0.039062
0.234375
-0.453125
-0.609375
-0.195312
0.242188
0.734375
0.671875
-0.828125
0.867188
0.671875
0.890625
-0.007812
-0.335938
-0.679688
0.039062
-0.828125
0.382812
0.117188
-0.875000
-0.601562
-0.625000
0.187500
-0.289062
0.359375
-0.429688
-0.601562
-0.906250
-0.507812
0.554688
-0.359375
0.343750
0.570312
-0.414062
-0.781250
-0.671875
0.125000
-0.882812
-0.781250
0.750000
0.984375
0.406250
-0.203125
-0.242188
0.218750
0.843750
-0.484375
-0.531250
0.140625
-0.039062
-0.109375
-0.906250
-0.179688
0.078125
0.437500
-0.632812
0.335938
0.906250
-0.578125
-0.976562
-0.875000
0.062500
-0.039062
0.718750
0.765625
0.703125
-0.710938
-0.804688
-0.390625
-0.812500
0.156250
0.718750
0.773438
-0.085938
-0.640625
0.492188
-0.164062
-0.328125
-0.906250
-0.812500
0.359375
0.453125
0.062500
-0.851562
-0.820312
0.656250
-0.148438
-0.078125
0.156250
0.062500
0.304688
-0.890625
0.367188
-0.570312
-0.453125
0.351562
-0.554688
0.914062
-0.617188
0.468750
0.085938
-0.132812
-0.656250
-0.453125
0.023438
0.281250
0.484375
-0.992188
-0.968750
-0.710938
0.132812
-0.554688
-0.539062
0.703125
0.843750
-0.148438
-0.882812
-0.039062
-0.359375
0.609375
0.414062
0.023438
0.750000
0.218750
0.851562
-0.414062
0.296875
0.710938
-0.367188
-0.546875
-0.226562
-0.273438
-0.054688
0.312500
0.804688
-0.453125
-0.632812
0.398438
-0.398438
-0.312500
-0.406250
-0.273438
-0.164062
0.984375
0.085938
0.328125
0.351562
-0.617188
-0.937500
-0.570312
0.929688
-0.609375
0.484375
0.125000
-0.453125
0.671875
0.929688
-0.734375
-0.335938
-0.742188
0.664062
0.234375
-0.328125
-0.617188
0.515625
-0.765625
-0.007812
-0.031250
-0.437500
0.539062
-0.984375
0.789062
-0.781250
0.546875
0.390625
-0.085938
0.312500
-0.210938
0.570312
0.335938
-0.289062
-0.945312
-0.695312
-0.828125
-0.484375
0.390625
-0.859375
0.718750
-0.554688
-0.179688
0.351562
0.906250
0.109375
0.343750
-0.625000
-0.500000
0.390625
0.070312
0.015625
0.585938
