2
0
0
5
40
8
0.000000
0.398438
0.445312
-0.375000
0.429688
-0.046875
-0.078125
0.398438
0.164062
-0.351562
-0.367188
-0.023438
0.507812
0.875000
0.234375
0.609375
0.570312
0.843750
-0.765625
0.960938
0.140625
-0.492188
0.460938
0.195312
0.046875
-0.437500
0.875000
-0.867188
0.812500
0.843750
-0.953125
-0.117188
-0.070312
0.484375
0.812500
0.554688
-0.750000
0.976562
0.890625
-0.648438
-0.140625
-0.500000
-0.937500
-0.156250
-0.281250
0.000000
0.968750
0.343750
0.101562
-0.851562
0.992188
-0.320312
0.632812
-0.906250
-0.773438
0.390625
-0.976562
0.062500
0.601562
0.828125
-0.265625
0.906250
-0.000000
0.718750
0.570312
-0.984375
-0.140625
-0.070312
-0.937500
-0.531250
-0.851562
-0.250000
-0.851562
-0.398438
-0.773438
0.984375
-0.078125
-0.718750
0.015625
-0.757812
0.039062
0.171875
-0.398438
-0.859375
-0.710938
-0.898438
0.078125
-0.062500
-0.093750
0.937500
-0.562500
0.593750
-0.343750
0.929688
0.421875
0.218750
-0.921875
-0.468750
-0.929688
-0.062500
-0.953125
0.789062
0.554688
-0.265625
-0.351562
0.796875
-0.890625
0.171875
0.226562
0.453125
-0.101562
-0.031250
0.484375
-0.453125
-0.515625
-0.210938
0.320312
0.718750
-0.203125
0.953125
0.125000
-0.023438
0.710938
-0.390625
0.562500
-0.164062
-0.000000
0.960938
-0.789062
0.023438
0.421875
0.414062
0.867188
-0.968750
-0.453125
0.765625
-0.328125
0.648438
0.031250
0.617188
-0.296875
0.609375
0.523438
-0.937500
0.890625
-0.601562
0.375000
0.921875
0.429688
0.187500
-0.421875
0.359375
-0.328125
0.757812
0.515625
0.320312
0.812500
0.585938
-0.734375
-0.132812
-0.851562
0.273438
0.640625
0.968750
0.921875
0.070312
-0.007812
-0.640625
-0.390625
-0.023438
-0.976562
0.039062
0.007812
0.328125
0.882812
0.375000
0.570312
0.890625
-0.835938
0.031250
0.414062
0.570312
-0.265625
0.492188
0.078125
-0.054688
-0.398438
0.156250
0.148438
0.109375
0.273438
-0.742188
-0.585938
0.960938
0.414062
0.226562
-0.820312
0.656250
-0.929688
0.718750
0.625000
0.343750
0.445312
0.492188
-0.640625
0.210938
0.585938
-0.039062
-0.242188
-0.828125
-0.164062
0.523438
0.679688
0.250000
0.476562
0.382812
-0.664062
-0.781250
-0.757812
0.632812
-0.304688
-0.484375
0.695312
0.015625
-0.164062
-0.093750
0.492188
-0.898438
-0.632812
0.343750
0.882812
0.578125
-0.859375
-0.640625
-0.476562
0.250000
-0.101562
0.179688
-0.523438
-0.429688
-0.695312
-0.203125
-0.882812
-0.703125
-0.843750
-0.054688
0.304688
-0.257812
-0.085938
0.875000
0.937500
0.562500
0.265625
-0.460938
-0.101562
0.070312
0.812500
-0.304688
-0.070312
-0.265625
-0.703125
0.507812
0.132812
0.289062
0.132812
-0.406250
-0.265625
0.515625
0.414062
0.578125
-0.125000
-0.210938
0.015625
0.734375
0.023438
0.742188
-0.890625
-0.460938
0.609375
0.765625
0.851562
-0.593750
-0.070312
-0.281250
0.632812
-0.148438
0.945312
0.367188
0.664062
-0.156250
-0.265625
0.218750
-0.476562
0.554688
-0.171875
0.984375
0.406250
0.664062
0.046875
0.421875
-0.390625
-0.445312
0.101562
-0.453125
-0.734375
-0.976562
-0.085938
0.187500
-0.320312
-0.507812
-0.273438
-0.007812
0.867188
0.859375
-0.273438
0.796875
0.117188
0.257812
0.875000
0.312500
-0.539062
-0.921875
-0.460938
0.484375
0.625000
0.757812
-0.015625
0.484375
0.421875
0.093750
-0.179688
-0.062500
0.765625
0.929688
-0.554688
0.710938
0.054688
0.187500
-0.546875
-0.531250
0.117188
-0.054688
0.859375
0.500000
0.890625
0.531250
-0.757812
-0.445312
-0.953125
-0.062500
0.578125
-0.578125
-0.281250
-0.585938
0.664062
0.398438
-0.898438
-0.750000
0.359375
-0.414062
0.273438
0.351562
-0.953125
0.070312
0.835938
-0.796875
-0.250000
0.085938
-0.718750
0.234375
-0.171875
-0.000000
-0.359375
-0.953125
0.093750
-0.843750
-0.531250
-0.820312
0.382812
-0.789062
0.398438
-0.414062
0.023438
-0.914062
-0.164062
-0.726562
-0.945312
-0.554688
-0.914062
-0.554688
0.125000
-0.664062
0.578125
-0.656250
-0.148438
-0.656250
0.234375
-0.632812
-0.390625
0.773438
0.687500
-0.304688
-0.320312
-0.828125
0.992188
-0.273438
-0.296875
-0.101562
0.117188
-0.398438
-0.398438
-0.773438
0.882812
0.757812
0.523438
-0.835938
-0.156250
0.578125
0.023438
-0.273438
0.507812
0.992188
-0.382812
0.273438
-0.765625
-0.343750
-0.875000
0.828125
0.593750
0.632812
0.570312
-0.546875
0.710938
-0.015625
0.171875
0.539062
-0.015625
0.546875
-0.757812
-0.273438
0.960938
-0.671875
0.695312
0.828125
-0.375000
-0.484375
0.968750
0.570312
0.703125
-0.351562
0.789062
-0.304688
0.679688
-0.437500
-0.578125
0.195312
-0.218750
-0.398438
-0.820312
0.687500
0.195312
0.601562
0.875000
-0.562500
-0.367188
-0.515625
-0.937500
-0.007812
-0.109375
-0.945312
-0.562500
0.468750
-0.179688
-0.078125
0.414062
0.640625
-0.882812
-0.101562
-0.585938
-0.593750
0.843750
0.226562
0.437500
-0.085938
-0.140625
0.476562
-0.859375
0.898438
0.570312
0.656250
0.601562
-0.718750
0.726562
0.640625
0.718750
0.281250
0.187500
-0.445312
-0.062500
0.585938
0.851562
0.687500
-0.281250
-0.273438
-0.296875
0.429688
-0.148438
-0.382812
-0.671875
-0.359375
-0.882812
-0.679688
0.671875
-0.539062
-0.968750
-0.218750
0.312500
-0.148438
-0.078125
0.781250
-0.601562
-0.164062
-0.179688
0.781250
0.226562
-0.546875
-0.765625
-0.070312
-0.117188
0.312500
0.554688
-0.804688
0.476562
-0.750000
-0.671875
-0.125000
0.882812
-0.960938
-0.234375
0.281250
-0.992188
0.023438
0.945312
0.843750
0.773438
-0.960938
-0.304688
0.453125
-0.609375
0.054688
-0.218750
0.429688
0.882812
0.312500
-0.320312
0.335938
0.578125
0.203125
0.617188
-0.335938
-0.921875
-0.531250
0.632812
0.882812
-0.218750
