2
0
0
5
40
8
-0.203125
0.250000
0.492188
-0.617188
-0.562500
0.531250
-0.320312
-0.382812
0.140625
0.093750
-0.523438
-0.695312
-0.445312
0.484375
0.257812
-0.218750
-0.796875
0.218750
-0.585938
-0.062500
0.820312
-0.007812
-0.968750
-0.000000
0.664062
-0.453125
-0.359375
-0.531250
0.804688
-0.828125
0.039062
-0.890625
-0.437500
-0.812500
0.507812
-0.718750
-0.835938
-0.390625
-0.992188
0.562500
-0.382812
0.593750
0.554688
0.914062
-0.710938
0.976562
-0.445312
0.859375
0.156250
0.648438
0.476562
-0.750000
0.484375
0.945312
-0.609375
0.148438
-0.539062
-0.007812
0.453125
0.937500
-0.359375
-0.867188
-0.734375
0.281250
-0.609375
0.203125
-0.820312
0.898438
-0.546875
-0.812500
0.414062
-0.179688
0.539062
0.781250
-0.859375
-0.890625
-0.625000
-0.734375
0.179688
0.820312
-0.171875
0.476562
-0.390625
-0.414062
0.093750
-0.343750
0.601562
-0.695312
0.320312
0.992188
0.804688
-0.585938
0.296875
-0.296875
0.218750
0.734375
0.054688
-0.437500
0.406250
0.031250
-0.218750
0.710938
0.296875
-0.648438
0.476562
-0.250000
-0.898438
-0.382812
0.578125
0.078125
-0.398438
0.132812
0.460938
-0.539062
-0.937500
0.296875
-0.312500
0.078125
-0.281250
-0.875000
-0.500000
0.179688
0.328125
-0.007812
-0.492188
-0.945312
-0.273438
0.968750
0.226562
-0.554688
-0.445312
-0.117188
-0.554688
0.328125
-0.867188
-0.437500
-0.515625
0.953125
-0.195312
0.648438
-0.976562
0.726562
-0.125000
-0.390625
0.492188
0.859375
-0.843750
-0.031250
-0.726562
0.875000
-0.578125
0.648438
0.664062
0.140625
0.734375
0.250000
0.328125
0.250000
-0.789062
-0.906250
0.710938
0.023438
-0.078125
0.000000
-0.406250
-0.328125
0.531250
0.000000
0.921875
0.179688
-0.492188
0.851562
-0.710938
0.718750
-0.875000
-0.359375
-0.046875
-0.781250
0.984375
-0.179688
-0.937500
-0.710938
-0.007812
0.085938
-0.007812
0.382812
-0.976562
-0.718750
0.351562
0.562500
-0.812500
-0.351562
0.695312
-0.296875
-0.007812
0.335938
-0.578125
0.898438
0.875000
0.148438
-0.671875
0.382812
0.000000
0.812500
0.343750
-0.296875
-0.734375
0.710938
0.757812
0.765625
-0.921875
0.921875
0.015625
-0.820312
-0.531250
0.117188
-0.757812
-0.976562
-0.476562
-0.109375
0.093750
0.859375
-0.351562
-0.367188
-0.523438
-0.257812
0.195312
0.437500
0.265625
0.031250
-0.015625
0.976562
0.601562
0.523438
0.843750
0.921875
0.921875
0.835938
-0.781250
0.328125
-0.312500
-0.578125
-0.492188
-0.234375
-0.093750
0.812500
-0.812500
0.437500
-0.093750
0.648438
0.421875
-0.562500
0.531250
0.265625
0.781250
0.164062
0.343750
-0.695312
-0.921875
0.085938
0.343750
0.132812
-0.750000
0.382812
-0.796875
-0.859375
0.242188
-0.359375
-0.218750
0.695312
0.210938
0.453125
0.203125
-0.281250
0.164062
-0.585938
0.703125
0.781250
-0.078125
0.960938
-0.820312
-0.750000
0.101562
0.609375
-0.093750
0.734375
-0.515625
0.187500
0.468750
0.320312
-0.421875
-0.015625
0.070312
0.859375
-0.312500
0.273438
0.976562
0.460938
-0.304688
0.265625
-0.351562
-0.664062
-0.765625
0.312500
-0.843750
0.304688
0.953125
-0.093750
0.632812
-0.976562
0.148438
0.460938
-0.304688
0.242188
-0.953125
0.421875
-0.242188
-0.882812
-0.890625
0.234375
-0.554688
0.156250
0.828125
0.757812
-0.437500
-0.921875
-0.257812
-0.968750
0.953125
-0.179688
0.273438
-0.140625
-0.984375
-0.945312
-0.429688
-0.648438
-0.507812
-0.859375
-0.679688
0.812500
-0.140625
-0.210938
-0.664062
-0.804688
0.757812
0.687500
-0.804688
-0.156250
0.601562
0.421875
0.218750
-0.453125
-0.195312
-0.742188
-0.546875
-0.421875
-0.804688
-0.523438
-0.312500
-0.898438
0.273438
-0.945312
0.414062
0.875000
-0.156250
0.828125
0.351562
-0.734375
-0.921875
0.601562
-0.843750
0.312500
-0.234375
0.195312
-0.343750
0.687500
0.343750
-0.273438
0.640625
0.625000
0.648438
0.601562
0.140625
-0.695312
-0.335938
-0.585938
0.023438
-0.968750
-0.507812
-0.031250
-0.171875
0.468750
-0.406250
-0.148438
-0.960938
0.429688
-0.062500
-0.437500
0.976562
-0.625000
0.062500
0.421875
-0.757812
-0.289062
0.421875
-0.093750
0.289062
-0.796875
-0.445312
0.343750
-0.640625
-0.039062
-0.304688
-0.289062
-0.960938
0.789062
-0.554688
0.328125
-0.054688
-0.429688
0.765625
0.562500
0.132812
0.601562
0.671875
0.171875
-0.406250
-0.804688
0.617188
-0.875000
0.828125
-0.226562
-0.054688
0.492188
0.179688
-0.859375
0.554688
0.218750
-0.359375
0.140625
-0.617188
0.648438
-0.796875
-0.742188
-0.835938
-0.687500
-0.453125
-0.718750
-0.609375
0.968750
-0.859375
0.929688
0.890625
0.132812
-0.539062
0.062500
-0.781250
-0.429688
-0.875000
0.703125
0.539062
-0.828125
-0.960938
-0.500000
-0.632812
-0.843750
0.382812
0.289062
0.039062
0.500000
0.296875
0.000000
0.343750
0.148438
0.921875
-0.414062
-0.921875
-0.859375
0.335938
0.187500
-0.937500
-0.671875
0.382812
0.710938
-0.585938
0.617188
-0.156250
0.375000
-0.726562
-0.109375
-0.890625
0.140625
-0.968750
-0.093750
0.953125
0.898438
-0.093750
-0.203125
-0.953125
0.273438
0.203125
-0.843750
0.890625
0.031250
-0.273438
-0.085938
0.320312
-0.195312
0.757812
-0.031250
-0.562500
0.015625
-0.203125
0.648438
-0.148438
0.820312
0.242188
0.000000
0.265625
0.132812
0.648438
0.851562
-0.671875
0.828125
-0.375000
0.242188
0.500000
-0.398438
0.101562
-0.546875
0.429688
-0.226562
0.632812
-0.406250
-0.906250
-0.750000
-0.406250
0.789062
0.234375
0.304688
-0.140625
0.507812
0.226562
-0.554688
-0.140625
-0.906250
-0.195312
-0.445312
0.148438
-0.476562
0.132812
-0.515625
0.414062
-0.976562
-0.164062
0.046875
-0.460938
-0.078125
0.351562
-0.242188
-0.718750
-0.250000
0.648438
0.523438
-0.562500
