2
0
0
5
40
8
0.781250
-0.710938
-0.179688
-0.406250
0.507812
-0.593750
0.359375
-0.000000
-0.976562
0.281250
-0.203125
0.609375
0.468750
0.070312
0.164062
-0.335938
0.281250
-0.132812
0.187500
-0.750000
0.500000
0.414062
-0.078125
-0.125000
-0.351562
0.523438
-0.820312
0.078125
-0.085938
-0.164062
-0.304688
0.398438
0.296875
-0.953125
0.015625
0.812500
0.679688
-0.250000
0.250000
-0.921875
0.882812
-0.968750
0.617188
0.117188
0.093750
0.851562
0.328125
0.671875
0.648438
0.406250
-0.671875
0.601562
0.726562
-0.632812
0.031250
-0.359375
0.804688
0.296875
-0.218750
-0.679688
0.320312
0.898438
0.343750
0.773438
0.476562
0.500000
0.671875
0.578125
0.898438
-0.976562
0.070312
-0.601562
0.382812
-0.976562
-0.687500
-0.031250
-0.968750
-0.765625
-0.789062
0.062500
-0.312500
-0.007812
-0.921875
-0.734375
-0.578125
0.585938
-0.101562
0.679688
0.875000
0.437500
-0.554688
0.585938
-0.476562
-0.609375
0.765625
0.164062
0.906250
0.226562
-0.726562
-0.171875
0.492188
-0.687500
-0.414062
0.750000
0.882812
0.234375
-0.390625
-0.140625
-0.976562
-0.554688
0.257812
0.007812
-0.507812
-0.171875
-0.015625
0.023438
-0.976562
0.101562
-0.390625
0.609375
0.875000
0.515625
0.289062
0.351562
0.296875
0.671875
-0.359375
0.210938
0.109375
0.828125
0.101562
0.398438
0.890625
0.398438
0.492188
-0.375000
-0.421875
-0.296875
-0.093750
-0.953125
0.335938
-0.437500
0.484375
0.390625
0.273438
0.281250
-0.750000
0.960938
0.382812
0.789062
-0.968750
0.890625
-0.445312
-0.578125
0.929688
-0.234375
0.937500
-0.070312
-0.187500
0.921875
0.953125
0.414062
-0.742188
0.765625
-0.273438
0.117188
0.226562
0.757812
-0.656250
-0.765625
0.976562
-0.132812
0.343750
0.750000
0.687500
0.476562
0.976562
-0.710938
0.671875
-0.335938
-0.289062
0.171875
-0.890625
0.578125
0.367188
-0.937500
-0.750000
-0.023438
0.359375
0.421875
-0.203125
0.375000
0.648438
0.148438
0.726562
-0.695312
0.054688
-0.156250
0.132812
-0.867188
-0.554688
-0.906250
0.304688
0.335938
-0.937500
-0.710938
0.328125
-0.054688
-0.007812
0.156250
-0.734375
-0.882812
-0.460938
0.703125
-0.335938
-0.054688
-0.835938
-0.578125
0.437500
0.507812
-0.609375
-0.265625
0.375000
-0.132812
-0.304688
-0.390625
0.007812
0.726562
-0.437500
0.273438
0.945312
-0.554688
-0.843750
-0.617188
0.179688
0.554688
0.289062
0.390625
-0.671875
0.632812
0.343750
-0.882812
0.117188
0.718750
-0.507812
0.296875
-0.835938
-0.203125
-0.671875
-0.218750
0.734375
-0.757812
0.757812
0.210938
-0.765625
-0.242188
0.296875
-0.773438
-0.171875
-0.335938
0.312500
-0.703125
0.679688
-0.117188
0.125000
0.382812
-0.242188
-0.781250
-0.000000
0.632812
0.437500
-0.468750
-0.125000
0.296875
-0.273438
0.484375
-0.421875
-0.640625
0.726562
-0.539062
-0.070312
-0.710938
-0.117188
0.875000
0.687500
-0.843750
-0.109375
0.851562
0.234375
0.929688
-0.921875
0.218750
-0.367188
0.109375
0.320312
0.507812
-0.531250
-0.031250
0.429688
0.789062
0.484375
0.070312
0.945312
-0.625000
0.492188
-0.812500
-0.843750
0.000000
0.328125
-0.562500
-0.796875
-0.734375
-0.039062
0.437500
-0.757812
-0.539062
-0.406250
-0.585938
-0.414062
0.328125
0.367188
0.828125
0.359375
-0.570312
0.546875
0.242188
-0.234375
0.703125
-0.671875
-0.320312
0.234375
0.812500
-0.453125
0.296875
-0.750000
-0.000000
0.906250
-0.539062
0.265625
0.531250
0.078125
-0.726562
-0.742188
0.085938
0.718750
0.484375
0.546875
-0.750000
-0.070312
0.750000
-0.148438
-0.132812
0.406250
0.609375
-0.992188
-0.585938
0.523438
0.875000
0.875000
-0.609375
0.656250
-0.921875
-0.960938
-0.851562
0.507812
0.312500
-0.718750
-0.804688
0.375000
0.632812
0.187500
0.523438
0.585938
0.515625
0.281250
0.945312
-0.265625
0.007812
0.867188
0.125000
0.140625
0.015625
0.156250
-0.562500
0.390625
0.250000
-0.890625
-0.500000
0.921875
-0.468750
0.953125
0.851562
-0.203125
0.421875
-0.335938
-0.343750
-0.289062
-0.187500
0.882812
0.687500
0.906250
-0.429688
-0.156250
0.132812
-0.500000
0.937500
-0.468750
0.304688
0.984375
-0.289062
-0.921875
-0.375000
0.453125
0.195312
-0.539062
-0.656250
-0.796875
-0.882812
-0.328125
-0.203125
-0.664062
-0.695312
0.382812
0.398438
-0.484375
0.765625
0.023438
0.078125
0.218750
0.617188
-0.976562
-0.835938
-0.500000
0.453125
-0.085938
-0.273438
-0.125000
-0.609375
-0.726562
-0.929688
-0.968750
0.453125
-0.804688
-0.664062
0.500000
0.937500
-0.937500
-0.914062
-0.968750
-0.804688
-0.281250
0.882812
-0.789062
0.093750
-0.648438
-0.578125
-0.234375
-0.523438
-0.523438
-0.843750
-0.453125
-0.882812
-0.953125
-0.070312
0.031250
0.820312
-0.539062
0.125000
0.234375
0.023438
0.867188
-0.656250
-0.453125
-0.671875
0.164062
-0.929688
-0.734375
-0.671875
-0.648438
-0.203125
-0.828125
-0.882812
-0.390625
0.953125
0.960938
-0.132812
0.742188
-0.085938
-0.054688
-0.132812
0.179688
-0.828125
0.773438
0.625000
-0.437500
0.875000
0.812500
0.343750
-0.781250
0.796875
0.000000
-0.507812
0.781250
-0.960938
0.804688
0.796875
0.007812
-0.601562
0.617188
0.101562
0.265625
-0.625000
0.437500
-0.031250
-0.601562
0.070312
-0.507812
-0.929688
-0.796875
0.632812
0.273438
-0.164062
0.351562
0.085938
0.937500
0.804688
-0.875000
0.937500
-0.843750
0.687500
-0.953125
-0.312500
-0.992188
-0.562500
0.429688
-0.828125
-0.312500
0.226562
-0.625000
-0.601562
-0.421875
0.187500
-0.289062
0.273438
0.015625
0.984375
-0.085938
-0.945312
-0.960938
-0.109375
-0.523438
-0.578125
-0.328125
0.882812
-0.414062
0.437500
-0.750000
0.570312
0.656250
-0.023438
-0.375000
-0.406250
0.460938
0.820312
0.710938
