2
0
0
5
40
8
-0.664062
-0.898438
0.343750
-0.203125
-0.203125
-0.117188
-0.289062
-0.078125
0.726562
-0.328125
-0.906250
0.171875
0.515625
0.148438
-0.140625
-0.437500
0.031250
-0.953125
-0.929688
-0.000000
0.343750
0.679688
0.554688
-0.382812
0.757812
-0.187500
-0.187500
0.578125
-0.687500
-0.562500
-0.867188
0.843750
0.398438
-0.507812
-0.765625
-0.500000
0.382812
0.359375
0.312500
-0.984375
-0.476562
0.890625
0.218750
0.671875
0.375000
-0.820312
-0.781250
0.281250
-0.429688
0.437500
-0.640625
-0.492188
-0.210938
0.148438
0.554688
0.226562
-0.617188
0.820312
0.046875
-0.773438
-0.335938
-0.070312
0.312500
-0.132812
0.953125
-0.585938
0.148438
0.015625
-0.312500
-0.101562
-0.382812
0.289062
-0.281250
-0.062500
0.968750
-0.656250
-0.671875
-0.148438
-0.640625
-0.757812
-0.320312
0.218750
0.398438
0.281250
0.687500
0.406250
-0.875000
-0.210938
-0.984375
0.343750
-0.429688
-0.882812
0.742188
-0.789062
-0.609375
-0.445312
-0.515625
-0.179688
0.968750
-0.867188
0.429688
-0.679688
-0.070312
0.914062
-0.218750
0.164062
-0.476562
0.554688
-0.507812
-0.195312
0.625000
-0.523438
-0.304688
0.695312
-0.421875
0.054688
-0.265625
-0.250000
0.929688
-0.906250
-0.171875
-0.570312
-0.554688
0.242188
-0.640625
-0.015625
-0.109375
-0.437500
-0.429688
-0.992188
-0.750000
0.984375
-0.554688
-0.523438
-0.320312
-0.898438
-0.968750
0.578125
0.140625
-0.390625
0.460938
-0.812500
-0.960938
0.242188
0.179688
0.312500
-0.796875
-0.335938
-0.898438
0.429688
0.554688
-0.218750
-0.937500
-0.929688
0.765625
-0.843750
-0.757812
-0.117188
0.453125
0.203125
-0.406250
-0.554688
-0.101562
-0.046875
-0.320312
-0.468750
-0.359375
0.750000
0.132812
0.234375
-0.390625
0.031250
-0.125000
0.476562
-0.742188
0.078125
-0.968750
-0.906250
0.367188
-0.539062
0.648438
0.507812
0.328125
0.515625
-0.656250
0.718750
-0.601562
-0.382812
0.062500
-0.484375
0.648438
0.367188
-0.789062
-0.671875
0.164062
-0.804688
0.070312
0.046875
-0.773438
-0.109375
0.625000
-0.179688
0.812500
-0.070312
-0.984375
0.359375
0.703125
0.304688
0.250000
0.101562
0.101562
-0.992188
-0.398438
0.976562
-0.320312
-0.531250
-0.867188
0.203125
0.296875
0.703125
0.234375
-0.765625
-0.242188
-0.031250
0.671875
0.609375
-0.593750
-0.000000
-0.343750
0.164062
-0.070312
0.281250
0.210938
0.062500
0.015625
0.492188
-0.835938
0.007812
0.812500
0.953125
-0.273438
0.976562
0.820312
-0.609375
-0.054688
-0.062500
-0.585938
-0.812500
0.218750
-0.429688
0.828125
-0.085938
0.687500
0.765625
-0.031250
0.156250
-0.562500
-0.140625
0.242188
-0.593750
0.148438
0.140625
0.890625
0.640625
-0.734375
-0.945312
-0.750000
-0.257812
-0.257812
-0.976562
0.851562
-0.984375
0.304688
-0.109375
0.109375
0.101562
-0.968750
-0.640625
0.539062
-0.468750
-0.312500
-0.398438
0.367188
0.132812
0.968750
-0.796875
-0.085938
0.796875
0.070312
-0.453125
0.140625
-0.445312
-0.273438
0.390625
0.617188
-0.023438
0.601562
0.609375
0.554688
-0.765625
-0.867188
0.898438
-0.445312
-0.882812
0.656250
-0.914062
-0.867188
-0.195312
-0.148438
-0.679688
0.359375
-0.773438
0.835938
-0.226562
-0.453125
0.835938
0.218750
-0.500000
0.875000
-0.601562
0.492188
0.921875
-0.140625
-0.500000
0.804688
0.054688
-0.734375
0.023438
-0.328125
0.554688
0.640625
0.265625
0.039062
0.296875
0.742188
-0.039062
0.367188
-0.875000
-0.476562
-0.296875
-0.078125
-0.148438
0.664062
-0.898438
0.382812
0.031250
0.320312
-0.515625
0.578125
0.507812
-0.867188
-0.390625
-0.742188
0.804688
-0.804688
-0.203125
-0.875000
0.078125
-0.453125
-0.820312
-0.140625
0.039062
0.664062
-0.804688
-0.750000
0.546875
0.078125
-0.398438
0.257812
-0.906250
-0.273438
-0.375000
0.054688
0.507812
0.757812
0.710938
0.367188
0.304688
-0.476562
0.132812
0.476562
-0.882812
0.203125
0.945312
0.632812
-0.867188
-0.398438
-0.125000
-0.867188
0.398438
0.164062
0.054688
0.406250
-0.671875
-0.976562
-0.890625
-0.460938
-0.664062
-0.609375
0.093750
-0.945312
0.007812
0.460938
0.921875
-0.367188
-0.406250
0.984375
0.429688
-0.359375
-0.625000
0.679688
-0.664062
-0.093750
0.492188
-0.625000
-0.437500
0.171875
-0.304688
0.179688
-0.140625
-0.453125
-0.875000
0.335938
-0.664062
-0.554688
0.023438
0.359375
0.796875
-0.726562
-0.046875
-0.093750
0.203125
-0.843750
-0.218750
0.421875
-0.398438
0.640625
0.492188
0.257812
0.000000
-0.421875
-0.750000
-0.718750
-0.687500
0.789062
0.523438
-0.507812
-0.843750
0.226562
0.273438
0.507812
-0.640625
0.882812
0.406250
0.343750
0.257812
0.046875
-0.875000
0.906250
-0.625000
0.523438
-0.148438
-0.203125
0.500000
-0.382812
0.695312
0.070312
-0.468750
-0.585938
-0.125000
-0.046875
-0.359375
0.710938
0.507812
0.898438
0.171875
0.156250
0.023438
-0.171875
-0.906250
-0.460938
0.726562
0.109375
0.062500
0.375000
-0.406250
-0.046875
0.976562
-0.632812
-0.703125
-0.960938
-0.023438
0.859375
0.382812
0.687500
0.101562
0.875000
0.625000
-0.851562
-0.085938
-0.210938
0.593750
0.632812
0.164062
0.695312
-0.921875
0.289062
0.101562
0.171875
0.250000
0.906250
-0.351562
-0.320312
0.859375
0.484375
-0.195312
-0.843750
0.742188
-0.070312
0.578125
0.492188
0.210938
0.828125
-0.617188
-0.335938
0.828125
-0.179688
0.679688
-0.273438
-0.390625
0.875000
-0.437500
0.687500
0.960938
-0.179688
-0.703125
-0.281250
0.375000
0.804688
0.703125
0.101562
-0.179688
0.796875
0.281250
-0.632812
0.625000
-0.679688
-0.492188
0.515625
-0.429688
-0.718750
-0.726562
-0.171875
-0.914062
0.476562
-0.078125
0.843750
0.070312
-0.804688
-0.867188
0.195312
0.148438
-0.234375
-0.093750
0.429688
