2
0
0
5
40
8
-0.070312
-0.109375
0.679688
-0.062500
0.218750
-0.507812
-0.203125
0.640625
-0.062500
-0.578125
0.820312
0.562500
0.234375
0.742188
-0.320312
-0.296875
0.890625
-0.312500
-0.859375
-0.320312
-0.000000
0.132812
0.882812
0.828125
0.031250
-0.992188
0.351562
0.992188
-0.203125
-0.375000
-0.796875
0.804688
-0.539062
-0.664062
0.890625
-0.632812
-0.492188
0.523438
-0.218750
0.015625
-0.328125
0.015625
0.976562
0.039062
0.171875
-0.250000
0.695312
0.250000
0.367188
-0.421875
0.945312
0.000000
0.218750
-0.757812
0.171875
-0.992188
-0.593750
0.656250
-0.453125
-0.273438
0.210938
0.062500
-0.773438
-0.226562
-0.101562
-0.343750
0.539062
0.195312
-0.367188
0.460938
-0.695312
0.187500
0.226562
-0.054688
-0.867188
0.992188
-0.664062
-0.882812
0.960938
-0.117188
0.078125
-0.296875
-0.617188
-0.796875
-0.539062
-0.914062
0.437500
-0.203125
-0.648438
-0.492188
-0.343750
-0.031250
-0.398438
-0.312500
0.625000
0.234375
-0.109375
-0.007812
-0.000000
0.320312
-0.312500
-0.187500
0.578125
-0.078125
-0.078125
0.875000
-0.312500
0.203125
0.734375
-0.984375
0.179688
-0.562500
-0.929688
0.140625
0.875000
-0.171875
0.320312
0.039062
-0.710938
0.242188
-0.406250
0.804688
-0.828125
0.875000
0.351562
0.718750
-0.500000
-0.570312
0.773438
-0.562500
0.593750
0.085938
-0.859375
0.992188
0.445312
0.484375
0.234375
0.296875
-0.585938
0.875000
0.250000
-0.648438
-0.859375
0.289062
0.843750
0.968750
0.101562
0.867188
0.468750
0.929688
-0.867188
0.476562
-0.992188
0.445312
0.906250
-0.625000
0.882812
0.625000
-0.484375
0.890625
-0.296875
-0.953125
0.460938
0.593750
-0.679688
0.742188
-0.101562
0.414062
0.250000
-0.054688
0.695312
0.781250
-0.695312
-0.476562
0.148438
-0.484375
0.023438
0.234375
-0.773438
0.375000
0.156250
0.898438
0.828125
-0.492188
-0.242188
0.835938
-0.984375
-0.289062
-0.320312
-0.976562
0.218750
-0.929688
-0.125000
-0.367188
-0.515625
0.312500
0.398438
0.476562
0.460938
0.476562
-0.726562
-0.195312
-0.546875
0.132812
-0.906250
-0.843750
0.046875
0.859375
0.398438
-0.085938
0.601562
0.960938
-0.718750
-0.039062
-0.335938
-0.039062
0.179688
-0.078125
0.156250
-0.078125
-0.468750
-0.046875
0.843750
-0.703125
0.453125
0.460938
-0.515625
-0.960938
0.570312
0.710938
-0.960938
0.179688
0.992188
-0.828125
-0.617188
0.835938
-0.382812
-0.984375
0.960938
0.414062
-0.726562
0.101562
-0.546875
-0.492188
-0.554688
-0.859375
-0.734375
-0.218750
0.437500
0.679688
-0.539062
-0.203125
-0.367188
0.593750
0.023438
-0.007812
0.656250
0.492188
-0.929688
-0.953125
-0.750000
0.546875
-0.882812
0.742188
0.867188
-0.929688
0.585938
0.945312
-0.593750
0.781250
0.242188
-0.046875
0.640625
0.796875
-0.828125
0.242188
-0.875000
-0.679688
-0.593750
-0.312500
-0.710938
-0.187500
-0.007812
0.570312
-0.023438
0.164062
-0.460938
-0.937500
0.125000
0.523438
0.390625
-0.289062
-0.000000
-0.179688
0.039062
0.796875
-0.507812
-0.875000
0.796875
-0.453125
0.554688
0.046875
0.109375
-0.046875
-0.625000
0.460938
0.226562
-0.437500
0.304688
0.171875
-0.914062
-0.640625
-0.656250
-0.179688
0.515625
0.757812
-0.039062
-0.460938
-0.750000
0.585938
0.781250
0.960938
0.351562
0.375000
-0.851562
0.656250
0.625000
0.562500
0.625000
0.000000
0.296875
0.710938
0.015625
-0.710938
0.101562
0.242188
-0.757812
-0.718750
-0.117188
-0.765625
-0.695312
-0.203125
-0.531250
0.703125
-0.585938
-0.554688
0.992188
0.718750
0.273438
0.546875
0.390625
0.695312
0.820312
-0.445312
-0.890625
-0.851562
0.523438
0.968750
0.851562
0.359375
-0.726562
0.539062
0.335938
0.429688
0.585938
0.335938
0.945312
-0.195312
-0.281250
-0.835938
-0.609375
-0.304688
-0.507812
-0.882812
-0.679688
-0.890625
-0.687500
0.773438
-0.687500
-0.742188
0.671875
0.593750
-0.289062
0.445312
0.500000
-0.343750
-0.546875
-0.445312
-0.984375
-0.085938
-0.890625
-0.304688
0.203125
0.609375
-0.398438
-0.390625
0.734375
-0.109375
-0.234375
0.320312
0.398438
0.757812
-0.250000
0.640625
-0.414062
0.914062
0.843750
0.257812
0.195312
0.546875
0.070312
0.625000
0.992188
0.898438
0.429688
0.578125
-0.375000
0.304688
-0.218750
0.093750
0.750000
0.078125
0.312500
0.125000
-0.710938
0.171875
-0.710938
-0.984375
0.609375
-0.968750
0.437500
-0.773438
-0.750000
0.492188
0.710938
0.273438
-0.320312
0.726562
0.046875
-0.437500
-0.585938
0.632812
0.453125
0.468750
0.117188
0.023438
0.179688
0.210938
-0.796875
-0.695312
0.156250
-0.328125
-0.679688
0.718750
-0.484375
-0.039062
0.117188
-0.062500
0.671875
0.601562
-0.164062
-0.828125
-0.781250
0.492188
-0.625000
-0.179688
0.484375
0.445312
-0.093750
-0.375000
-0.351562
-0.406250
0.203125
0.828125
0.492188
-0.070312
0.000000
-0.265625
0.335938
0.867188
-0.398438
0.257812
0.765625
-0.078125
0.835938
-0.476562
0.828125
0.710938
-0.328125
-0.335938
-0.734375
0.304688
-0.812500
0.132812
-0.062500
0.109375
0.281250
-0.984375
0.742188
-0.820312
0.812500
-0.601562
0.078125
-0.593750
0.718750
0.195312
-0.859375
0.929688
0.070312
0.984375
0.445312
-0.765625
0.671875
0.218750
-0.968750
0.546875
-0.671875
-0.500000
-0.343750
-0.679688
-0.632812
-0.007812
0.789062
0.132812
-0.578125
0.515625
-0.015625
-0.382812
-0.351562
0.617188
0.757812
0.007812
0.929688
0.765625
0.054688
-0.976562
-0.882812
-0.375000
0.109375
0.929688
0.414062
-0.570312
-0.804688
0.031250
-0.906250
0.687500
-0.335938
0.859375
0.140625
-0.710938
0.382812
-0.328125
-0.960938
-0.546875
0.015625
0.593750
0.859375
0.515625
0.953125
-0.710938
-0.750000
-0.257812
-0.539062
0.148438
-0.484375
