2
0
0
5
40
8
0.085938
0.562500
-0.734375
-0.070312
0.718750
0.187500
-0.335938
-0.851562
0.351562
0.421875
-0.164062
0.648438
0.476562
-0.671875
-0.359375
0.835938
0.109375
0.242188
-0.460938
0.492188
-0.929688
-0.609375
-0.335938
-0.117188
-0.664062
-0.343750
-0.054688
0.468750
0.023438
-0.367188
-0.867188
-0.546875
-0.718750
-0.937500
-0.523438
-0.234375
0.632812
0.703125
0.257812
0.226562
0.015625
-0.296875
-0.414062
-0.085938
0.898438
0.679688
-0.187500
0.718750
-0.937500
-0.437500
-0.015625
-0.984375
0.281250
0.937500
0.390625
-0.757812
0.851562
0.125000
0.984375
0.296875
-0.117188
-0.921875
0.890625
0.007812
0.773438
-0.226562
0.500000
0.867188
0.296875
-0.976562
-0.710938
-0.031250
0.750000
0.468750
0.484375
-0.906250
0.992188
-0.234375
-0.773438
-0.351562
0.734375
-0.921875
0.109375
-0.101562
0.382812
-0.531250
0.148438
0.085938
0.281250
0.140625
0.250000
0.140625
0.492188
-0.710938
0.070312
0.820312
0.656250
0.992188
-0.851562
0.992188
-0.710938
-0.773438
-0.015625
-0.109375
0.742188
0.289062
-0.382812
0.445312
-0.328125
0.523438
0.296875
-0.304688
-0.171875
0.531250
-0.898438
-0.890625
-0.882812
-0.414062
0.828125
-0.093750
0.859375
0.523438
-0.359375
-0.500000
-0.085938
-0.968750
-0.109375
0.789062
-0.718750
0.453125
0.960938
-0.148438
-0.531250
-0.250000
-0.820312
-0.156250
0.539062
-0.992188
-0.304688
-0.093750
0.109375
0.328125
0.382812
0.781250
0.218750
-0.546875
-0.398438
-0.421875
-0.929688
-0.898438
0.937500
0.757812
-0.218750
0.781250
0.992188
0.007812
0.000000
-0.476562
0.726562
-0.195312
0.273438
0.476562
0.203125
-0.867188
-0.726562
-0.523438
0.734375
0.203125
-0.804688
-0.945312
-0.554688
-0.593750
0.554688
0.414062
0.218750
0.000000
-0.773438
-0.171875
-0.921875
0.031250
0.554688
0.093750
0.367188
-0.890625
-0.945312
0.914062
-0.882812
0.273438
0.414062
0.625000
0.781250
-0.742188
-0.078125
-0.781250
0.500000
-0.875000
0.601562
0.781250
0.851562
0.148438
-0.906250
0.781250
0.617188
-0.726562
0.515625
-0.234375
0.679688
0.976562
-0.164062
-0.093750
-0.460938
0.468750
0.062500
0.289062
0.671875
-0.492188
0.687500
0.515625
-0.242188
-0.031250
-0.281250
0.390625
0.804688
-0.648438
0.507812
-0.671875
-0.679688
0.945312
-0.359375
-0.929688
0.328125
-0.359375
0.234375
0.476562
-0.843750
-0.617188
-0.742188
-0.664062
0.312500
-0.765625
-0.750000
-0.468750
-0.023438
-0.039062
-0.710938
0.039062
-0.156250
-0.132812
-0.023438
0.343750
-0.484375
0.859375
0.828125
0.203125
0.171875
-0.046875
0.007812
0.070312
0.257812
-0.453125
0.687500
0.148438
-0.382812
0.531250
-0.281250
0.109375
-0.992188
0.859375
-0.156250
-0.062500
-0.773438
0.890625
-0.921875
-0.593750
0.125000
-0.898438
0.531250
0.531250
-0.968750
-0.906250
0.101562
0.757812
-0.062500
0.781250
-0.351562
0.828125
0.125000
0.578125
-0.343750
0.570312
0.867188
0.664062
-0.781250
-0.601562
0.890625
0.523438
-0.398438
-0.367188
0.117188
0.828125
0.828125
0.664062
-0.773438
-0.289062
0.921875
0.523438
-0.617188
0.335938
-0.656250
0.000000
-0.117188
-0.718750
0.507812
0.843750
-0.195312
-0.000000
-0.296875
0.429688
0.164062
-0.468750
0.554688
0.085938
0.359375
0.210938
-0.226562
-0.851562
-0.750000
0.429688
-0.789062
0.914062
0.960938
0.882812
-0.976562
-0.992188
-0.007812
-0.687500
0.968750
0.953125
-0.687500
-0.351562
-0.507812
0.679688
-0.554688
-0.023438
0.796875
0.328125
-0.453125
0.835938
0.093750
-0.703125
0.179688
0.492188
-0.921875
0.960938
-0.625000
0.218750
0.750000
0.929688
0.734375
-0.750000
-0.281250
-0.226562
0.062500
-0.601562
-0.968750
-0.351562
-0.421875
-0.078125
0.429688
-0.062500
0.984375
-0.570312
0.593750
-0.296875
0.453125
-0.125000
0.921875
-0.234375
0.976562
-0.210938
-0.093750
0.421875
0.914062
0.218750
0.195312
-0.890625
-0.125000
-0.281250
-0.843750
-0.945312
-0.179688
-0.453125
-0.523438
-0.468750
-0.460938
0.148438
-0.679688
-0.062500
-0.835938
-0.179688
-0.664062
-0.562500
0.398438
0.828125
-0.476562
0.320312
0.531250
-0.812500
0.804688
0.406250
-0.429688
0.492188
0.335938
-0.132812
-0.656250
0.875000
0.148438
0.804688
0.570312
-0.710938
0.718750
-0.625000
-0.023438
-0.546875
0.312500
-0.281250
-0.695312
-0.468750
-0.585938
0.429688
0.867188
0.203125
0.937500
0.820312
-0.875000
-0.117188
-0.031250
0.992188
0.078125
0.664062
-0.625000
0.656250
-0.039062
0.656250
0.351562
0.101562
-0.773438
-0.640625
-0.554688
-0.875000
-0.718750
0.234375
0.218750
0.984375
-0.515625
-0.789062
-0.070312
-0.234375
0.773438
-0.468750
-0.046875
-0.328125
0.054688
0.218750
-0.093750
-0.960938
0.835938
0.640625
-0.578125
-0.250000
0.656250
0.234375
-0.593750
-0.140625
0.789062
0.179688
0.984375
-0.531250
-0.195312
-0.226562
-0.531250
-0.148438
0.609375
-0.468750
0.679688
-0.718750
0.539062
-0.234375
0.312500
-0.000000
-0.179688
-0.500000
0.984375
-0.914062
0.328125
-0.281250
-0.765625
0.367188
0.406250
-0.648438
0.031250
-0.070312
0.929688
0.601562
-0.062500
0.585938
0.101562
0.023438
0.890625
-0.515625
0.078125
-0.726562
-0.179688
-0.390625
0.507812
-0.187500
0.804688
-0.242188
-0.414062
-0.179688
0.789062
-0.039062
-0.703125
0.796875
0.804688
-0.625000
-0.265625
0.335938
-0.453125
-0.562500
-0.875000
0.617188
-0.617188
0.968750
0.570312
-0.796875
0.218750
0.789062
0.398438
-0.242188
-0.484375
-0.125000
-0.179688
-0.625000
0.953125
0.773438
0.554688
0.742188
0.390625
0.835938
-0.945312
-0.656250
-0.656250
0.718750
0.992188
0.578125
0.507812
-0.101562
0.773438
-0.835938
-0.859375
-0.507812
-0.937500
-0.250000
-0.593750
