2
0
0
5
40
8
0.937500
0.835938
-0.031250
-0.273438
0.210938
-0.414062
-0.468750
-0.835938
0.742188
-0.187500
0.562500
-0.593750
0.273438
-0.867188
-0.812500
-0.648438
-0.437500
-0.609375
0.703125
-0.273438
-0.039062
0.390625
-0.554688
-0.328125
0.085938
0.328125
0.765625
0.734375
-0.562500
0.726562
0.992188
0.890625
0.140625
-0.187500
-0.335938
-0.210938
0.000000
0.429688
-0.304688
-0.265625
0.140625
-0.492188
-0.367188
-0.492188
-0.734375
-0.226562
-0.882812
-0.554688
0.101562
0.195312
-0.523438
-0.328125
0.085938
-0.859375
-0.695312
0.953125
0.554688
0.429688
0.015625
-0.289062
0.335938
-0.625000
0.039062
-0.773438
0.304688
0.000000
0.515625
-0.617188
-0.492188
-0.890625
-0.953125
-0.539062
0.898438
-0.164062
0.945312
0.281250
-0.953125
-0.710938
-0.296875
-0.929688
0.953125
-0.593750
-0.882812
-0.765625
-0.390625
0.632812
-0.992188
0.250000
-0.960938
0.281250
0.875000
0.648438
-0.000000
0.781250
0.257812
-0.164062
-0.976562
0.750000
0.023438
0.804688
0.406250
0.281250
-0.140625
-0.109375
-0.445312
0.781250
-0.390625
0.531250
0.992188
0.429688
0.320312
0.281250
-0.312500
-0.945312
0.890625
0.039062
-0.289062
-0.609375
0.257812
-0.882812
0.812500
-0.234375
-0.109375
0.296875
0.421875
-0.890625
0.671875
-0.093750
0.781250
0.953125
-0.789062
-0.890625
-0.343750
-0.812500
-0.218750
0.273438
-0.343750
0.968750
-0.335938
0.109375
-0.554688
0.070312
-0.250000
-0.093750
0.218750
-0.187500
0.507812
0.421875
-0.492188
0.703125
-0.656250
-0.656250
-0.945312
-0.039062
0.804688
-0.921875
0.414062
-0.187500
-0.734375
0.492188
-0.359375
0.929688
-0.312500
0.875000
0.742188
-0.187500
0.710938
0.031250
0.382812
0.570312
0.710938
0.648438
-0.718750
0.125000
-0.164062
0.218750
0.351562
-0.125000
-0.476562
0.140625
-0.062500
0.484375
-0.320312
0.109375
-0.500000
-0.320312
0.859375
0.242188
-0.898438
0.968750
0.101562
-0.164062
-0.726562
0.781250
-0.195312
-0.632812
-0.187500
-0.687500
0.437500
-0.421875
-0.789062
-0.281250
-0.007812
-0.679688
-0.132812
-0.906250
-0.164062
0.882812
-0.218750
0.921875
-0.773438
-0.203125
-0.789062
0.593750
0.132812
0.179688
-0.476562
-0.062500
0.867188
-0.453125
-0.007812
-0.289062
0.929688
-0.273438
0.578125
0.296875
-0.679688
-0.390625
-0.960938
-0.429688
0.554688
-0.437500
-0.859375
-0.476562
0.875000
-0.843750
0.093750
0.210938
-0.093750
0.570312
0.875000
0.156250
-0.500000
-0.101562
0.867188
-0.679688
0.570312
-0.796875
-0.093750
0.101562
-0.273438
-0.929688
-0.710938
0.578125
0.562500
-0.890625
-0.820312
0.421875
0.703125
0.039062
0.625000
0.320312
-0.242188
-0.875000
-0.390625
0.125000
-0.328125
0.296875
0.296875
-0.789062
-0.820312
0.742188
-0.320312
0.367188
0.390625
-0.773438
-0.835938
0.445312
0.273438
-0.218750
0.015625
0.828125
0.054688
0.742188
-0.984375
0.171875
0.070312
-0.093750
-0.750000
-0.156250
-0.125000
-0.523438
0.078125
-0.921875
0.789062
0.945312
-0.093750
0.820312
-0.945312
-0.039062
-0.351562
-0.835938
-0.039062
-0.210938
0.382812
-0.945312
0.468750
0.156250
-0.414062
-0.578125
-0.796875
0.523438
0.289062
-0.343750
0.617188
0.812500
-0.632812
-0.500000
0.375000
-0.789062
0.562500
-0.000000
-0.984375
-0.476562
0.007812
0.828125
-0.429688
-0.125000
0.046875
0.937500
0.796875
-0.976562
0.367188
0.421875
0.898438
0.492188
-0.226562
-0.648438
-0.226562
-0.531250
0.484375
-0.937500
-0.328125
-0.851562
-0.539062
-0.859375
0.156250
-0.523438
-0.984375
0.226562
0.289062
0.273438
-0.320312
0.640625
-0.476562
0.812500
0.976562
0.234375
-0.296875
0.140625
-0.296875
0.492188
-0.492188
-0.031250
0.070312
0.218750
-0.109375
-0.601562
-0.281250
-0.023438
0.656250
-0.078125
0.492188
-0.890625
-0.507812
0.250000
0.796875
0.328125
-0.585938
0.828125
-0.093750
-0.554688
0.921875
0.390625
0.500000
-0.171875
-0.242188
-0.257812
0.289062
-0.882812
0.078125
0.195312
0.757812
-0.992188
-0.843750
-0.859375
0.578125
-0.312500
0.671875
0.210938
-0.281250
-0.640625
0.351562
-0.687500
0.062500
-0.992188
-0.523438
-0.601562
-0.000000
-0.468750
0.109375
0.359375
0.507812
0.242188
-0.773438
0.460938
0.515625
0.218750
-0.875000
0.671875
-0.734375
-0.828125
-0.375000
-0.453125
-0.984375
0.390625
0.843750
-0.679688
-0.531250
0.601562
0.476562
-0.218750
0.546875
0.804688
-0.632812
0.093750
0.546875
0.195312
-0.210938
0.890625
-0.453125
0.414062
-0.031250
-0.718750
-0.992188
-0.218750
-0.289062
0.007812
-0.109375
-0.359375
-0.226562
-0.960938
0.984375
-0.312500
0.632812
-0.375000
-0.773438
0.390625
-0.914062
-0.710938
0.250000
0.843750
0.812500
-0.226562
0.796875
-0.359375
-0.000000
-0.296875
0.054688
0.453125
-0.179688
-0.453125
-0.226562
-0.898438
0.187500
0.039062
-0.132812
0.515625
0.953125
0.562500
0.320312
-0.375000
-0.992188
0.695312
0.695312
0.710938
0.671875
0.695312
-0.414062
-0.117188
0.546875
0.953125
0.468750
0.437500
0.046875
0.164062
-0.585938
0.140625
0.328125
0.914062
-0.265625
0.992188
-0.039062
0.078125
0.101562
0.648438
0.625000
0.031250
-0.507812
-0.054688
0.500000
0.101562
0.304688
0.359375
0.617188
-0.906250
-0.960938
0.343750
0.117188
-0.625000
-0.828125
-0.500000
0.523438
-0.984375
0.953125
-0.968750
0.164062
0.890625
-0.234375
-0.000000
0.445312
-0.507812
0.132812
0.265625
0.265625
-0.140625
-0.687500
0.593750
0.039062
-0.437500
-0.421875
0.570312
0.320312
0.703125
0.312500
0.195312
0.687500
-0.843750
-0.171875
-0.851562
-0.039062
0.484375
-0.312500
-0.359375
-0.476562
-0.515625
0.203125
0.312500
0.968750
0.960938
0.718750
0.687500
0.960938
-0.054688
0.500000
