2
0
0
5
40
8
-0.539062
0.210938
0.289062
0.890625
0.585938
-0.750000
0.515625
-0.101562
0.453125
-0.140625
0.554688
-0.796875
0.171875
-0.921875
0.539062
0.617188
0.539062
0.101562
0.523438
-0.835938
-0.882812
0.445312
-0.406250
0.125000
-0.265625
0.304688
0.781250
-0.562500
0.593750
0.601562
0.765625
-0.562500
-0.671875
0.914062
0.257812
-0.421875
0.898438
-0.226562
-0.125000
-0.898438
-0.054688
0.929688
-0.562500
-0.609375
0.531250
-0.671875
0.632812
-0.320312
-0.507812
-0.460938
-0.984375
-0.093750
0.039062
-0.687500
-0.679688
-0.085938
0.796875
0.976562
-0.234375
-0.835938
-0.757812
-0.632812
0.445312
-0.859375
0.023438
-0.023438
0.023438
-0.335938
0.539062
-0.367188
-0.773438
-0.593750
0.070312
-0.765625
-0.734375
0.781250
-0.359375
0.171875
0.757812
-0.914062
-0.531250
0.250000
-0.046875
0.468750
0.296875
0.093750
-0.671875
-0.773438
0.320312
-0.757812
-0.640625
-0.726562
-0.132812
-0.382812
-0.734375
0.460938
0.570312
0.609375
0.742188
-0.375000
-0.304688
0.351562
0.179688
-0.007812
0.914062
-0.804688
0.554688
-0.382812
-0.078125
-0.117188
0.859375
-0.687500
0.171875
-0.656250
0.187500
-0.257812
0.640625
-0.781250
-0.562500
0.015625
-0.257812
-0.875000
-0.031250
-0.140625
0.585938
-0.703125
0.062500
0.820312
-0.382812
-0.320312
0.140625
-0.359375
0.343750
0.968750
0.359375
-0.335938
-0.000000
-0.851562
0.453125
0.328125
0.562500
0.976562
-0.546875
0.140625
-0.992188
-0.023438
0.531250
-0.953125
-0.414062
-0.960938
-0.882812
-0.539062
0.109375
0.179688
0.023438
0.765625
0.242188
-0.656250
0.601562
0.992188
-0.085938
-0.601562
0.929688
-0.093750
-0.156250
-0.085938
-0.273438
0.781250
0.789062
-0.437500
-0.718750
0.710938
-0.328125
0.937500
-0.421875
-0.835938
0.382812
-0.710938
-0.679688
0.937500
-0.914062
-0.578125
-0.921875
0.203125
0.773438
-0.054688
-0.226562
0.390625
-0.023438
0.609375
-0.976562
-0.539062
-0.867188
0.890625
-0.796875
-0.625000
-0.117188
-0.390625
-0.007812
-0.000000
0.203125
0.171875
0.585938
0.843750
-0.835938
0.671875
-0.617188
0.312500
-0.765625
-0.437500
-0.265625
-0.578125
0.039062
-0.140625
-0.203125
-0.031250
-0.226562
-0.734375
0.429688
-0.968750
-0.078125
-0.742188
-0.664062
0.632812
-0.046875
-0.765625
-0.875000
-0.578125
0.812500
-0.679688
0.843750
0.000000
-0.843750
-0.226562
0.945312
0.390625
-0.179688
-0.695312
0.406250
-0.289062
-0.195312
-0.070312
0.523438
0.351562
0.156250
-0.085938
-0.671875
-0.406250
-0.320312
0.484375
0.554688
-0.203125
-0.585938
-0.750000
-0.445312
0.703125
-0.273438
-0.382812
0.617188
0.718750
-0.585938
0.695312
-0.765625
0.968750
0.023438
-0.523438
-0.742188
-0.789062
-0.828125
-0.742188
0.523438
-0.445312
-0.820312
-0.109375
0.164062
0.164062
0.859375
-0.820312
0.046875
-0.445312
-0.898438
0.445312
0.539062
-0.007812
-0.625000
0.984375
0.546875
-0.687500
0.851562
-0.757812
-0.929688
0.000000
-0.062500
-0.859375
0.359375
-0.632812
0.062500
-0.601562
0.679688
-0.906250
-0.054688
0.992188
-0.648438
-0.218750
-0.328125
-0.773438
-0.273438
0.484375
-0.140625
-0.203125
0.015625
0.460938
-0.179688
-0.046875
-0.742188
0.187500
0.367188
-0.953125
0.671875
0.710938
-0.328125
0.960938
-0.820312
-0.218750
-0.140625
-0.851562
0.968750
0.460938
0.609375
0.359375
0.460938
0.617188
-0.773438
-0.320312
0.171875
0.718750
0.164062
-0.585938
0.617188
-0.851562
-0.023438
-0.546875
-0.328125
-0.007812
-0.468750
0.273438
0.257812
-0.687500
0.445312
0.609375
-0.187500
-0.429688
-0.570312
-0.234375
0.992188
0.117188
0.421875
-0.750000
-0.835938
0.867188
-0.398438
-0.132812
0.656250
-0.554688
0.273438
-0.921875
0.804688
0.976562
-0.773438
0.093750
0.656250
-0.328125
-0.125000
0.507812
-0.132812
0.945312
0.054688
0.804688
-0.906250
0.585938
0.656250
0.757812
0.781250
-0.039062
-0.195312
-0.695312
-0.953125
0.187500
0.148438
-0.562500
0.953125
0.781250
-0.164062
0.140625
-0.398438
0.343750
0.351562
-0.164062
-0.546875
-0.070312
-0.507812
0.304688
0.320312
0.328125
-0.585938
-0.468750
-0.054688
-0.812500
0.703125
0.312500
0.335938
-0.335938
-0.609375
0.125000
0.835938
-0.273438
0.742188
-0.562500
-0.664062
-0.765625
-0.796875
0.000000
0.359375
0.007812
-0.101562
-0.281250
-0.546875
-0.992188
-0.781250
-0.687500
-0.398438
-0.382812
-0.648438
-0.578125
-0.414062
-0.703125
-0.718750
-0.828125
0.335938
-0.171875
0.937500
-0.617188
0.375000
0.898438
0.148438
-0.617188
-0.101562
0.617188
0.031250
-0.078125
0.640625
-0.945312
0.929688
-0.828125
0.773438
0.164062
0.593750
0.750000
-0.671875
-0.796875
0.906250
0.562500
0.531250
0.671875
0.062500
-0.601562
0.343750
0.335938
-0.812500
-0.500000
-0.601562
-0.664062
0.398438
-0.984375
-0.796875
-0.906250
-0.937500
-0.453125
0.007812
-0.562500
-0.140625
0.820312
-0.687500
0.179688
-0.640625
-0.093750
0.421875
-0.468750
0.859375
-0.500000
0.929688
-0.531250
0.890625
-0.531250
0.468750
0.500000
-0.820312
-0.468750
-0.781250
0.031250
0.585938
0.070312
0.773438
0.898438
-0.945312
0.476562
0.375000
0.835938
-0.000000
0.695312
0.015625
0.437500
-0.414062
0.179688
-0.875000
-0.812500
0.632812
0.109375
-0.703125
-0.054688
0.695312
0.289062
0.164062
-0.109375
0.976562
-0.875000
0.195312
0.320312
-0.523438
0.867188
0.726562
-0.968750
0.570312
-0.546875
0.187500
0.437500
-0.007812
-0.351562
-0.070312
0.007812
-0.484375
-0.109375
-0.546875
-0.132812
-0.812500
0.757812
0.539062
-0.578125
-0.054688
0.296875
0.609375
0.695312
0.445312
0.929688
0.476562
0.023438
-0.070312
-0.632812
0.195312
-0.437500
-0.023438
0.296875
-0.289062
-0.789062
0.820312
