2
0
0
5
40
8
-0.070312
0.890625
-0.140625
-0.320312
-0.296875
-0.484375
-0.953125
-0.359375
0.554688
0.453125
0.468750
-0.500000
-0.390625
0.250000
0.203125
-0.414062
0.601562
-0.820312
0.398438
0.296875
0.195312
-0.296875
0.320312
-0.671875
-0.968750
-0.671875
0.468750
0.257812
-0.500000
-0.351562
-0.531250
-0.703125
-0.507812
0.765625
-0.093750
0.601562
0.843750
0.742188
-0.804688
0.796875
0.351562
0.117188
-0.437500
-0.726562
-0.796875
-0.218750
-0.648438
0.914062
0.320312
0.500000
-0.460938
-0.195312
0.859375
0.703125
-0.054688
-0.578125
-0.093750
0.453125
0.554688
0.953125
0.531250
-0.851562
0.445312
-0.257812
0.367188
0.437500
0.859375
-0.085938
0.335938
-0.007812
-0.812500
-0.046875
-0.109375
0.609375
0.187500
0.054688
-0.601562
-0.796875
-0.500000
0.320312
-0.328125
-0.898438
-0.687500
-0.578125
0.812500
-0.960938
0.703125
-0.273438
-0.281250
-0.765625
-0.421875
-0.218750
-0.843750
-0.648438
0.062500
0.625000
0.648438
-0.742188
0.687500
-0.281250
0.382812
0.890625
-0.710938
0.296875
-0.445312
-0.726562
0.046875
-0.218750
0.968750
-0.015625
0.531250
-0.281250
-0.859375
-0.695312
-0.289062
-0.703125
0.242188
0.695312
-0.906250
0.492188
-0.218750
0.328125
-0.351562
0.875000
0.351562
-0.820312
0.992188
0.148438
0.468750
0.304688
-0.117188
-0.617188
-0.085938
0.437500
0.179688
0.937500
0.460938
0.195312
-0.375000
-0.023438
-0.046875
0.414062
0.601562
-0.437500
0.531250
-0.335938
-0.437500
0.890625
-0.968750
-0.695312
0.140625
-0.164062
-0.781250
0.867188
-0.718750
-0.078125
-0.234375
0.164062
0.484375
-0.578125
0.531250
0.367188
-0.109375
-0.828125
-0.500000
0.195312
0.312500
0.960938
-0.976562
-0.132812
0.781250
-0.859375
0.023438
0.132812
0.789062
-0.554688
0.835938
0.125000
-0.523438
0.617188
0.445312
0.710938
-0.265625
0.875000
-0.828125
-0.265625
0.242188
-0.187500
-0.593750
-0.750000
-0.359375
-0.562500
-0.179688
0.359375
-0.242188
0.960938
0.539062
0.953125
-0.796875
0.835938
-0.515625
-0.328125
-0.203125
-0.046875
0.617188
-0.312500
-0.593750
0.101562
-0.117188
-0.828125
-0.781250
0.484375
0.882812
-0.179688
0.296875
-0.335938
-0.421875
-0.875000
-0.679688
-0.218750
-0.734375
0.062500
0.257812
0.218750
0.476562
-0.281250
-0.984375
-0.789062
-0.515625
0.242188
0.093750
-0.687500
0.812500
-0.765625
-0.078125
0.640625
-0.234375
0.007812
0.726562
0.000000
0.890625
0.000000
-0.476562
-0.570312
-0.960938
0.789062
-0.101562
0.406250
0.906250
0.843750
-0.476562
-0.671875
0.796875
0.476562
-0.632812
-0.640625
-0.460938
0.476562
0.023438
-0.718750
-0.851562
-0.656250
-0.046875
0.351562
0.468750
0.789062
-0.343750
-0.585938
0.914062
0.812500
0.507812
0.164062
0.695312
0.703125
-0.015625
0.835938
-0.000000
0.429688
-0.976562
0.742188
-0.781250
-0.484375
0.359375
-0.828125
0.531250
-0.757812
-0.812500
0.140625
-0.203125
0.578125
-0.351562
-0.593750
-0.851562
0.156250
0.656250
0.210938
-0.445312
0.421875
0.781250
-0.328125
-0.820312
0.531250
-0.664062
-0.554688
0.429688
0.812500
-0.804688
-0.726562
-0.835938
-0.000000
-0.234375
-0.804688
-0.265625
-0.679688
-0.828125
-0.164062
0.257812
0.773438
0.398438
-0.656250
-0.992188
0.296875
-0.828125
-0.343750
0.835938
0.679688
0.851562
-0.343750
-0.546875
0.851562
0.882812
0.984375
-0.742188
-0.515625
-0.835938
-0.507812
-0.007812
-0.398438
-0.296875
0.039062
-0.132812
0.554688
0.531250
-0.648438
-0.992188
-0.945312
-0.398438
-0.382812
-0.828125
-0.296875
0.859375
-0.429688
-0.257812
0.671875
0.203125
0.164062
-0.414062
0.046875
-0.734375
0.804688
-0.117188
-0.882812
0.210938
-0.273438
0.437500
-0.140625
0.742188
0.335938
0.976562
-0.031250
-0.265625
-0.117188
0.304688
-0.953125
0.062500
0.171875
0.109375
-0.820312
0.148438
-0.742188
-0.312500
-0.562500
-0.414062
0.625000
0.664062
0.062500
0.757812
-0.171875
0.070312
0.421875
-0.687500
-0.906250
-0.296875
-0.679688
0.929688
0.523438
0.328125
-0.773438
-0.125000
-0.937500
0.742188
0.382812
-0.429688
0.000000
-0.375000
0.843750
0.789062
-0.343750
-0.414062
0.851562
0.468750
0.679688
-0.914062
0.468750
-0.367188
0.523438
-0.468750
-0.953125
0.460938
-0.828125
-0.007812
0.171875
-0.265625
0.218750
0.046875
-0.492188
-0.351562
-0.070312
0.929688
-0.554688
-0.804688
-0.132812
-0.218750
0.070312
-0.968750
-0.437500
0.140625
-0.859375
0.882812
0.726562
-0.164062
-0.546875
0.023438
-0.187500
0.632812
-0.171875
-0.835938
0.625000
-0.273438
0.546875
-0.054688
0.523438
0.304688
0.953125
0.625000
-0.460938
0.218750
-0.750000
-0.421875
0.382812
-0.007812
-0.968750
-0.851562
-0.523438
-0.937500
-0.648438
-0.804688
-0.882812
-0.585938
-0.718750
0.312500
0.804688
-0.609375
0.992188
-0.210938
-0.898438
-0.531250
-0.765625
-0.835938
-0.054688
0.843750
0.539062
-0.773438
0.359375
0.242188
0.828125
-0.140625
0.234375
-0.367188
0.734375
0.046875
-0.984375
-0.328125
-0.867188
-0.898438
0.234375
0.203125
-0.773438
-0.726562
-0.640625
0.164062
0.609375
0.796875
0.390625
0.570312
-0.093750
-0.679688
-0.226562
-0.023438
0.984375
0.859375
-0.562500
0.046875
-0.351562
0.906250
0.140625
0.593750
-0.085938
-0.343750
-0.492188
0.648438
0.960938
0.343750
-0.757812
-0.132812
-0.726562
-0.789062
-0.687500
0.859375
0.492188
0.257812
-0.171875
0.648438
0.664062
0.304688
-0.640625
-0.406250
0.765625
0.546875
-0.414062
-0.671875
0.265625
-0.562500
0.804688
-0.656250
0.835938
-0.851562
0.437500
0.515625
-0.273438
-0.187500
0.281250
0.398438
0.046875
0.921875
-0.031250
-0.867188
-0.851562
0.515625
0.515625
0.242188
-0.359375
0.593750
-0.242188
0.718750
