2
0
0
5
40
8
0.085938
-0.460938
-0.992188
-0.125000
-0.023438
0.960938
-0.109375
-0.648438
0.406250
0.937500
0.656250
-0.406250
-0.890625
-0.210938
-0.343750
-0.929688
-0.718750
0.406250
-0.523438
-0.023438
-0.070312
0.234375
0.718750
0.578125
0.640625
0.898438
-0.085938
-0.820312
0.320312
-0.265625
0.617188
-0.820312
0.953125
0.039062
0.773438
-0.132812
-0.031250
-0.554688
0.250000
0.414062
-0.429688
0.445312
0.992188
-0.195312
-0.695312
0.132812
-0.593750
-0.078125
0.406250
-0.867188
0.914062
0.421875
-0.460938
-0.335938
-0.906250
-0.882812
0.609375
-0.257812
-0.507812
-0.023438
0.445312
0.867188
0.859375
-0.015625
0.125000
-0.109375
0.148438
0.265625
0.812500
0.210938
0.000000
0.531250
0.992188
0.390625
0.851562
0.804688
-0.070312
0.812500
-0.664062
0.328125
0.296875
0.140625
0.367188
-0.984375
-0.242188
0.820312
0.718750
0.343750
-0.445312
-0.500000
0.203125
0.648438
0.179688
0.585938
0.703125
-0.976562
-0.765625
-0.820312
-0.257812
0.234375
0.007812
-0.968750
0.781250
-0.335938
0.835938
-0.640625
0.289062
-0.656250
0.273438
-0.570312
0.781250
-0.492188
-0.453125
-0.718750
0.203125
0.492188
-0.109375
-0.757812
0.718750
-0.765625
-0.093750
-0.406250
0.343750
-0.898438
0.343750
-0.710938
-0.804688
-0.382812
0.781250
-0.359375
0.539062
-0.578125
-0.062500
-0.500000
-0.429688
0.898438
0.789062
-0.968750
-0.890625
0.367188
0.773438
-0.351562
0.531250
0.664062
0.414062
-0.906250
0.000000
0.296875
-0.882812
-0.507812
-0.960938
0.117188
0.031250
0.187500
-0.937500
0.156250
0.781250
-0.343750
-0.820312
0.796875
0.359375
0.429688
-0.820312
-0.664062
-0.750000
-0.968750
0.687500
-0.078125
-0.218750
0.921875
0.250000
0.039062
-0.781250
0.679688
-0.851562
0.312500
-0.921875
-0.968750
0.695312
0.414062
0.554688
-0.351562
-0.609375
-0.406250
0.437500
0.609375
0.234375
-0.914062
-0.585938
0.921875
-0.539062
0.914062
0.375000
0.328125
-0.648438
-0.195312
0.515625
0.234375
0.718750
-0.296875
-0.734375
0.992188
0.507812
0.312500
-0.890625
0.468750
0.687500
0.031250
0.265625
0.312500
-0.289062
-0.781250
-0.601562
0.429688
-0.273438
-0.492188
0.992188
-0.132812
0.257812
0.617188
0.445312
0.601562
-0.625000
-0.101562
-0.976562
0.203125
-0.968750
-0.289062
0.632812
-0.046875
0.414062
0.515625
-0.414062
0.539062
-0.210938
-0.984375
-0.390625
-0.664062
-0.820312
-0.507812
0.812500
-0.632812
-0.968750
-0.148438
0.382812
-0.125000
0.968750
-0.335938
0.023438
0.640625
0.484375
0.226562
0.101562
-0.242188
-0.046875
-0.851562
-0.343750
0.382812
-0.234375
0.468750
-0.367188
-0.203125
0.875000
0.648438
0.335938
-0.039062
0.585938
-0.718750
0.164062
-0.804688
0.882812
-0.421875
-0.765625
-0.664062
0.031250
-0.890625
-0.734375
0.882812
0.351562
0.703125
-0.539062
-0.695312
0.078125
0.937500
-0.187500
0.148438
0.820312
-0.984375
-0.265625
0.718750
0.703125
-0.343750
-0.718750
0.351562
0.179688
-0.789062
0.507812
0.906250
-0.875000
-0.656250
0.578125
-0.453125
-0.484375
0.085938
-0.929688
-0.398438
-0.757812
0.437500
0.328125
-0.484375
0.023438
-0.601562
-0.289062
-0.320312
0.359375
0.203125
0.195312
0.945312
0.242188
-0.531250
0.445312
-0.406250
-0.054688
-0.210938
-0.859375
-0.382812
0.093750
-0.414062
0.984375
-0.710938
0.625000
0.781250
-0.781250
0.375000
-0.000000
-0.789062
0.460938
0.203125
-0.695312
-0.796875
-0.835938
-0.507812
-0.695312
-0.875000
-0.507812
-0.406250
0.867188
0.000000
0.578125
-0.203125
-0.226562
-0.210938
-0.273438
0.960938
-0.507812
0.375000
0.726562
0.773438
0.851562
-0.843750
-0.281250
-0.726562
0.703125
-0.062500
-0.984375
0.484375
0.937500
0.093750
0.890625
0.093750
0.921875
0.679688
0.148438
0.781250
0.835938
0.554688
-0.156250
-0.632812
0.875000
0.078125
0.812500
-0.867188
-0.210938
0.992188
0.953125
-0.539062
0.226562
-0.757812
-0.578125
-0.992188
-0.562500
-0.585938
0.937500
0.664062
0.148438
-0.265625
0.695312
-0.195312
0.257812
0.671875
0.859375
-0.257812
0.968750
-0.390625
0.132812
0.578125
-0.789062
0.531250
0.867188
-0.843750
0.851562
-0.421875
0.164062
-0.335938
-0.359375
0.250000
-0.187500
0.945312
0.476562
-0.914062
-0.148438
-0.156250
-0.500000
-0.968750
-0.296875
-0.789062
0.140625
-0.273438
0.460938
0.351562
0.039062
0.046875
-0.945312
0.640625
0.867188
-0.875000
-0.906250
0.046875
0.195312
-0.507812
0.531250
-0.093750
-0.937500
-0.210938
-0.921875
0.210938
-0.578125
0.664062
0.960938
0.585938
-0.820312
0.359375
-0.335938
-0.828125
-0.601562
-0.929688
-0.257812
0.914062
0.210938
-0.242188
-0.476562
-0.625000
-0.054688
-0.882812
0.687500
0.859375
0.757812
0.570312
0.492188
0.320312
-0.640625
-0.515625
-0.265625
0.234375
0.593750
0.593750
0.601562
0.890625
-0.789062
0.320312
-0.875000
-0.984375
0.125000
0.617188
0.578125
0.437500
-0.492188
0.367188
0.960938
-0.289062
-0.507812
0.875000
-0.757812
0.882812
-0.585938
-0.007812
-0.414062
0.007812
-0.273438
0.835938
0.554688
-0.914062
-0.179688
-0.296875
0.328125
0.796875
-0.828125
-0.195312
0.742188
0.492188
0.453125
0.296875
0.835938
0.656250
0.734375
-0.171875
-0.015625
-0.210938
0.734375
0.593750
0.609375
-0.945312
0.890625
0.742188
0.890625
-0.406250
0.921875
0.445312
-0.171875
-0.406250
-0.929688
-0.054688
-0.648438
0.023438
0.109375
-0.218750
0.304688
-0.375000
-0.328125
0.992188
0.554688
-0.843750
0.875000
-0.601562
0.351562
0.906250
-0.703125
-0.867188
-0.515625
-0.414062
0.164062
-0.554688
0.843750
-0.187500
0.304688
0.835938
0.632812
0.281250
0.617188
-0.046875
0.500000
0.500000
0.218750
-0.000000
-0.406250
