2
0
0
5
40
8
-0.140625
-0.289062
-0.265625
-0.507812
0.171875
0.507812
-0.898438
0.273438
0.242188
0.507812
-0.671875
-0.054688
-0.664062
0.296875
-0.953125
-0.656250
0.468750
0.562500
-0.273438
-0.992188
0.140625
0.179688
-0.179688
0.210938
0.750000
0.757812
0.117188
-0.937500
-0.671875
0.296875
-0.609375
-0.250000
-0.906250
-0.539062
0.882812
-0.710938
-0.648438
-0.882812
-0.648438
0.695312
-0.695312
-0.054688
0.546875
0.273438
-0.585938
0.335938
-0.234375
-0.718750
0.085938
0.164062
-0.398438
-0.781250
0.726562
-0.148438
-0.156250
0.617188
0.687500
-0.164062
-0.679688
0.445312
0.203125
0.789062
0.437500
0.875000
0.390625
0.281250
-0.984375
-0.398438
0.140625
0.367188
0.179688
-0.617188
-0.687500
0.546875
0.804688
0.882812
0.710938
-0.460938
-0.890625
-0.476562
0.710938
0.203125
-0.234375
-0.078125
-0.375000
-0.257812
-0.101562
-0.484375
-0.484375
0.062500
-0.023438
-0.539062
0.242188
-0.562500
0.312500
-0.125000
0.335938
-0.828125
0.140625
-0.890625
0.023438
-0.398438
0.648438
-0.164062
-0.375000
0.875000
-0.375000
-0.468750
0.843750
-0.992188
-0.593750
-0.710938
0.898438
-0.195312
-0.367188
0.726562
0.382812
-0.578125
-0.109375
0.835938
0.109375
0.148438
0.601562
-0.867188
-0.351562
-0.742188
0.929688
-0.351562
-0.773438
-0.765625
-0.679688
-0.187500
-0.609375
0.023438
-0.898438
0.562500
0.632812
0.382812
-0.953125
-0.500000
-0.867188
0.093750
0.593750
0.000000
-0.101562
-0.078125
-0.500000
0.281250
-0.195312
-0.257812
-0.406250
-0.781250
0.468750
0.031250
-0.843750
0.710938
-0.101562
-0.210938
-0.804688
-0.554688
-0.789062
-0.382812
-0.554688
0.773438
0.351562
-0.710938
-0.890625
-0.445312
-0.859375
0.609375
0.039062
-0.523438
-0.804688
0.750000
0.085938
0.859375
0.328125
-0.140625
-0.617188
0.875000
-0.562500
0.453125
-0.062500
-0.929688
0.953125
0.398438
0.007812
-0.726562
0.250000
-0.734375
-0.687500
-0.062500
0.578125
-0.531250
0.390625
0.500000
-0.398438
-0.890625
0.992188
0.804688
-0.132812
-0.000000
-0.335938
0.546875
-0.382812
0.257812
0.406250
0.062500
0.296875
0.570312
0.640625
-0.296875
-0.171875
0.625000
0.359375
-0.242188
0.507812
-0.226562
-0.757812
0.546875
0.695312
-0.085938
0.320312
-0.375000
0.468750
0.726562
-0.007812
0.515625
-0.250000
-0.312500
0.296875
0.757812
0.289062
-0.281250
-0.664062
0.835938
0.078125
0.039062
0.468750
0.695312
0.320312
-0.625000
-0.781250
-0.820312
0.898438
-0.703125
0.804688
0.148438
-0.164062
0.070312
-0.960938
-0.937500
0.632812
-0.859375
-0.328125
-0.273438
-0.687500
-0.593750
0.171875
0.054688
0.789062
-0.500000
0.460938
-0.742188
-0.437500
-0.195312
0.554688
-0.609375
-0.984375
0.414062
-0.882812
0.429688
0.210938
0.054688
0.070312
0.531250
-0.250000
-0.445312
-0.015625
-0.789062
-0.289062
0.648438
0.828125
-0.218750
-0.742188
0.546875
0.382812
0.203125
0.226562
0.046875
0.000000
0.320312
0.203125
0.546875
-0.992188
-0.335938
0.812500
-0.164062
0.898438
-0.054688
-0.289062
-0.929688
0.054688
0.859375
-0.117188
0.117188
-0.367188
0.679688
0.476562
-0.906250
-0.101562
0.320312
0.906250
0.484375
-0.507812
0.859375
-0.390625
0.398438
-0.515625
-0.007812
0.015625
0.312500
-0.164062
0.273438
0.812500
-0.562500
0.515625
0.726562
-0.789062
0.984375
0.703125
-0.359375
0.367188
0.031250
-0.289062
-0.773438
0.468750
-0.132812
0.882812
-0.054688
-0.101562
-0.132812
0.007812
0.437500
-0.117188
-0.046875
-0.968750
-0.289062
-0.226562
-0.312500
-0.757812
0.781250
0.476562
-0.984375
-0.992188
-0.421875
-0.445312
-0.679688
0.382812
0.070312
0.023438
-0.648438
0.046875
-0.296875
-0.734375
0.718750
-0.203125
0.257812
0.882812
-0.203125
0.820312
-0.875000
-0.976562
-0.039062
0.804688
-0.703125
0.382812
0.187500
0.554688
0.742188
0.867188
0.640625
-0.617188
0.460938
-0.351562
0.312500
0.195312
0.898438
0.203125
0.156250
-0.375000
-0.742188
-0.960938
0.796875
-0.281250
-0.320312
-0.601562
0.898438
-0.453125
0.867188
0.906250
0.757812
0.562500
-0.546875
0.789062
-0.414062
-0.289062
-0.226562
0.937500
0.859375
-0.054688
-0.695312
0.140625
0.203125
0.515625
-0.281250
-0.460938
0.156250
0.390625
0.210938
-0.578125
0.781250
0.750000
0.859375
0.742188
0.765625
-0.476562
0.750000
0.679688
0.390625
-0.296875
-0.726562
0.328125
0.953125
-0.148438
-0.070312
0.851562
0.718750
0.304688
-0.515625
-0.085938
-0.492188
-0.773438
0.812500
0.585938
0.242188
0.335938
0.414062
0.265625
-0.554688
-0.367188
-0.015625
-0.164062
0.218750
0.875000
-0.234375
-0.484375
-0.796875
0.429688
0.648438
0.179688
0.234375
-0.890625
-0.945312
-0.375000
-0.343750
0.609375
0.359375
0.343750
0.226562
0.320312
-0.351562
-0.750000
0.625000
0.664062
-0.343750
0.867188
0.585938
0.523438
0.195312
-0.882812
-0.835938
0.750000
0.132812
-0.156250
0.140625
-0.476562
-0.414062
-0.531250
-0.375000
-0.804688
-0.132812
-0.929688
0.562500
-0.195312
0.093750
0.617188
0.757812
0.976562
0.640625
-0.617188
0.820312
-0.546875
0.851562
0.492188
0.132812
-0.476562
0.804688
-0.101562
0.007812
-0.507812
0.828125
0.367188
-0.132812
-0.085938
-0.296875
-0.062500
0.289062
-0.273438
0.554688
-0.851562
-0.648438
0.117188
0.554688
0.796875
0.820312
-0.359375
0.632812
-0.453125
0.703125
0.062500
-0.304688
-0.390625
-0.671875
-0.148438
-0.460938
0.171875
0.765625
0.757812
0.656250
-0.343750
0.734375
-0.125000
0.257812
0.351562
0.039062
-0.210938
0.851562
-0.851562
0.304688
0.945312
-0.500000
-0.570312
-0.945312
-0.523438
-0.710938
-0.304688
-0.054688
0.843750
0.304688
-0.179688
0.757812
-0.789062
-0.898438
0.765625
