2
0
0
5
40
8
0.898438
0.562500
0.046875
-0.085938
-0.726562
-0.843750
-0.093750
-0.023438
-0.843750
0.562500
-0.085938
0.843750
0.929688
0.914062
-0.335938
0.625000
-0.656250
-0.632812
0.671875
0.859375
0.773438
-0.585938
0.820312
-0.601562
0.601562
0.445312
0.968750
0.210938
0.625000
0.906250
-0.804688
0.671875
0.820312
-0.984375
-0.156250
-0.898438
-0.250000
-0.789062
-0.929688
0.726562
0.851562
0.437500
-0.742188
0.585938
0.375000
0.398438
-0.601562
-0.335938
-0.171875
-0.968750
0.429688
-0.328125
0.453125
-0.796875
-0.218750
-0.812500
0.898438
-0.226562
-0.093750
0.781250
-0.726562
0.187500
0.656250
0.523438
-0.656250
-0.210938
-0.476562
0.093750
0.367188
0.726562
-0.500000
-0.351562
-0.445312
-0.226562
0.484375
-0.085938
0.585938
0.195312
0.210938
0.796875
0.695312
0.164062
-0.585938
-0.875000
-0.265625
0.437500
-0.015625
-0.992188
0.304688
-0.007812
0.429688
0.156250
0.109375
0.562500
0.875000
0.500000
0.890625
0.984375
0.429688
0.890625
-0.226562
-0.500000
0.976562
0.578125
0.632812
-0.710938
0.625000
0.945312
-0.429688
0.742188
0.546875
0.414062
-0.726562
0.265625
-0.460938
0.515625
0.945312
0.867188
-0.015625
-0.742188
0.742188
0.109375
-0.734375
0.546875
0.242188
-0.898438
0.218750
0.093750
-0.320312
-0.656250
-0.492188
-0.890625
0.078125
0.500000
-0.812500
-0.953125
-0.031250
0.062500
0.703125
0.734375
-0.531250
-0.851562
-0.585938
-0.765625
0.515625
-0.218750
0.953125
-0.171875
-0.898438
0.226562
0.734375
-0.843750
0.851562
-0.367188
0.734375
-0.093750
0.523438
-0.320312
0.179688
0.492188
0.414062
-0.125000
0.796875
-0.109375
-0.804688
-0.593750
0.078125
0.531250
0.531250
-0.070312
0.742188
0.851562
0.148438
0.828125
-0.796875
0.929688
0.617188
0.429688
0.921875
0.046875
0.656250
-0.117188
0.515625
0.500000
-0.351562
-0.250000
-0.398438
-0.398438
0.335938
0.296875
0.304688
-0.726562
-0.265625
0.890625
0.328125
-0.757812
0.781250
0.835938
-0.265625
-0.125000
0.101562
0.273438
0.742188
-0.531250
-0.515625
0.195312
-0.117188
-0.484375
0.609375
-0.843750
0.382812
0.742188
0.671875
0.000000
-0.875000
-0.101562
-0.210938
0.257812
-0.132812
0.187500
0.726562
-0.023438
0.289062
-0.046875
0.906250
-0.242188
-0.078125
0.531250
0.890625
0.890625
0.742188
0.484375
0.820312
-0.398438
-0.523438
0.242188
0.398438
0.273438
0.265625
0.976562
-0.835938
0.117188
-0.421875
0.929688
0.296875
-0.609375
-0.671875
0.101562
-0.921875
0.632812
-0.234375
-0.523438
0.531250
0.578125
0.898438
0.281250
0.281250
0.390625
0.101562
-0.781250
0.601562
-0.750000
-0.023438
0.265625
-0.500000
0.562500
-0.226562
0.257812
0.000000
-0.078125
-0.867188
-0.492188
-0.937500
0.234375
-0.054688
-0.328125
-0.851562
0.398438
-0.882812
0.734375
0.140625
-0.382812
-0.726562
0.031250
-0.734375
-0.429688
0.664062
-0.476562
0.062500
0.437500
0.773438
0.296875
-0.593750
-0.781250
0.000000
0.554688
-0.789062
0.570312
0.585938
-0.718750
0.656250
0.492188
0.734375
0.921875
0.320312
0.960938
-0.750000
-0.671875
-0.570312
0.937500
-0.703125
-0.984375
0.976562
0.734375
0.843750
0.445312
-0.500000
0.437500
-0.507812
0.687500
-0.210938
-0.007812
0.367188
0.421875
0.414062
-0.085938
-0.804688
-0.140625
0.789062
-0.304688
0.804688
-0.140625
-0.195312
0.476562
0.359375
-0.734375
0.875000
0.445312
0.898438
-0.742188
-0.742188
-0.585938
-0.054688
-0.078125
-0.804688
0.937500
0.062500
0.164062
-0.890625
-0.367188
-0.710938
0.468750
0.171875
-0.531250
-0.250000
0.750000
0.351562
0.789062
-0.625000
-0.742188
-0.625000
-0.609375
0.578125
-0.906250
0.343750
0.187500
-0.179688
-0.671875
-0.078125
0.851562
-0.179688
0.500000
0.039062
-0.859375
-0.726562
0.710938
-0.968750
-0.500000
-0.312500
-0.273438
-0.789062
-0.953125
0.843750
-0.734375
0.468750
0.156250
0.648438
-0.617188
-0.234375
-0.992188
0.265625
0.226562
-0.679688
-0.046875
-0.320312
0.023438
-0.664062
0.289062
-0.796875
0.554688
0.476562
0.328125
-0.875000
0.015625
0.390625
0.171875
0.492188
0.250000
-0.390625
-0.898438
-0.546875
-0.179688
-0.734375
0.164062
0.460938
0.187500
-0.773438
0.507812
0.656250
-0.812500
-0.726562
0.125000
-0.195312
-0.812500
-0.632812
-0.125000
0.406250
-0.054688
0.609375
-0.570312
0.843750
-0.671875
0.500000
-0.125000
-0.843750
0.539062
0.984375
0.828125
-0.359375
0.656250
0.890625
-0.828125
0.453125
-0.492188
0.617188
0.375000
0.843750
-0.765625
-0.664062
-0.640625
-0.507812
-0.898438
-0.195312
0.570312
-0.945312
-0.703125
0.875000
-0.578125
-0.968750
0.171875
0.007812
-0.093750
0.906250
0.335938
-0.710938
-0.757812
-0.070312
0.179688
0.937500
-0.164062
-0.812500
0.320312
-0.734375
-0.437500
-0.000000
0.125000
-0.757812
0.148438
0.257812
0.601562
0.765625
0.609375
-0.046875
0.906250
-0.171875
0.593750
-0.101562
-0.968750
-0.390625
0.640625
-0.062500
0.640625
0.296875
0.929688
-0.867188
0.742188
-0.093750
0.328125
-0.539062
0.179688
-0.890625
0.398438
-0.867188
0.773438
-0.742188
-0.218750
0.242188
0.289062
0.164062
0.492188
-0.437500
0.085938
-0.625000
0.968750
-0.820312
0.937500
-0.250000
-0.359375
-0.031250
0.914062
-0.960938
0.398438
-0.906250
-0.687500
-0.156250
0.773438
-0.007812
0.140625
0.851562
0.835938
0.296875
0.781250
0.914062
-0.859375
-0.125000
-0.664062
0.664062
0.539062
0.281250
0.468750
0.468750
0.125000
0.648438
0.000000
0.750000
0.250000
-0.273438
-0.992188
0.851562
-0.132812
-0.882812
-0.531250
0.734375
-0.687500
-0.125000
0.015625
0.679688
0.726562
-0.171875
-0.375000
-0.367188
0.078125
0.921875
-0.406250
-0.554688
