2
0
0
5
40
8
-0.843750
-0.937500
-0.875000
-0.539062
0.640625
-0.359375
-0.484375
-0.648438
-0.562500
0.882812
0.703125
-0.835938
-0.859375
0.281250
-0.031250
-0.554688
0.101562
-0.703125
0.703125
-0.640625
0.523438
0.734375
-0.812500
-0.179688
0.265625
0.898438
-0.304688
0.515625
0.117188
0.062500
0.945312
-0.992188
-0.765625
-0.000000
0.937500
-0.765625
-0.203125
0.000000
0.414062
-0.898438
0.390625
0.640625
0.804688
-0.382812
0.500000
-0.492188
0.539062
0.609375
0.054688
-0.320312
-0.085938
-0.101562
-0.679688
-0.125000
0.179688
-0.500000
-0.453125
0.960938
0.656250
0.203125
0.226562
0.718750
0.421875
0.890625
-0.515625
-0.484375
0.320312
-0.132812
-0.289062
-0.101562
-0.945312
0.562500
0.539062
-0.007812
0.726562
0.703125
-0.078125
-0.625000
0.890625
-0.812500
0.703125
-0.390625
-0.734375
0.179688
0.132812
0.828125
-0.750000
0.875000
0.281250
-0.835938
-0.460938
-0.148438
-0.414062
0.828125
-0.273438
0.054688
0.804688
0.453125
0.156250
-0.515625
-0.226562
0.734375
-0.921875
0.179688
0.242188
0.593750
0.679688
-0.656250
-0.656250
0.632812
-0.117188
0.546875
0.781250
0.695312
0.445312
-0.890625
-0.125000
-0.406250
-0.828125
-0.992188
-0.695312
0.562500
-0.257812
-0.656250
0.476562
-0.007812
0.804688
-0.640625
-0.523438
-0.890625
-0.398438
0.523438
-0.953125
0.031250
-0.875000
0.609375
0.250000
-0.242188
0.601562
0.898438
0.484375
0.476562
0.640625
-0.335938
0.210938
0.906250
0.312500
-0.609375
-0.406250
0.851562
0.648438
0.460938
0.500000
0.695312
-0.226562
-0.625000
-0.421875
-0.828125
0.625000
0.843750
-0.937500
-0.593750
0.320312
-0.789062
-0.843750
0.070312
-0.828125
-0.078125
-0.062500
0.187500
-0.179688
-0.296875
-0.671875
-0.562500
0.343750
-0.890625
-0.437500
-0.289062
0.468750
-0.984375
-0.007812
0.835938
0.648438
-0.328125
-0.742188
0.406250
0.820312
-0.828125
-0.554688
-0.531250
0.132812
-0.171875
0.625000
-0.210938
0.914062
-0.062500
-0.289062
-0.164062
-0.687500
-0.562500
-0.640625
0.968750
-0.289062
0.687500
0.101562
0.703125
0.125000
-0.210938
0.898438
-0.500000
0.328125
0.976562
0.382812
-0.132812
-0.812500
-0.320312
0.578125
-0.632812
-0.421875
-0.000000
-0.078125
-0.937500
0.812500
-0.976562
-0.250000
-0.265625
-0.109375
0.468750
0.281250
-0.179688
0.242188
-0.031250
-0.734375
-0.226562
-0.109375
0.093750
0.468750
-0.320312
0.281250
-0.500000
0.507812
0.125000
0.093750
0.007812
-0.296875
-0.687500
0.242188
-0.835938
0.460938
0.640625
-0.093750
-0.609375
-0.445312
0.062500
0.148438
0.492188
-0.085938
0.421875
0.265625
0.117188
0.976562
-0.890625
0.179688
0.945312
-0.078125
-0.445312
0.015625
-0.273438
0.984375
-0.000000
0.000000
0.125000
-0.453125
0.843750
-0.039062
-0.140625
0.375000
0.648438
0.468750
0.257812
0.500000
-0.421875
-0.281250
-0.617188
0.789062
-0.453125
0.500000
-0.546875
0.343750
-0.820312
-0.007812
-0.445312
0.640625
-0.109375
-0.523438
0.984375
0.843750
-0.554688
-0.906250
0.671875
0.929688
0.539062
0.546875
0.671875
0.250000
-0.492188
0.679688
0.601562
0.562500
0.882812
0.117188
-0.867188
0.992188
-0.726562
-0.164062
-0.328125
0.484375
0.640625
-0.914062
-0.960938
0.320312
-0.312500
-0.921875
0.460938
0.273438
0.429688
0.460938
0.390625
0.023438
0.632812
0.609375
-0.390625
-0.125000
-0.945312
-0.484375
-0.343750
-0.953125
-0.828125
0.757812
-0.312500
-0.812500
-0.578125
-0.187500
0.148438
-0.484375
0.257812
0.148438
0.585938
0.218750
-0.695312
0.335938
0.156250
0.148438
-0.867188
0.226562
-0.156250
-0.429688
0.335938
-0.609375
-0.640625
0.765625
0.023438
-0.328125
0.601562
0.273438
0.820312
0.875000
-0.109375
-0.156250
-0.796875
0.570312
0.929688
-0.093750
0.773438
-0.945312
-0.625000
0.187500
0.617188
0.687500
-0.851562
-0.140625
-0.945312
-0.289062
0.906250
-0.820312
-0.507812
0.523438
0.531250
0.695312
0.296875
0.625000
-0.242188
0.796875
0.046875
-0.984375
0.679688
-0.460938
0.554688
0.031250
-0.382812
0.609375
0.539062
0.289062
0.546875
0.500000
-0.015625
-0.195312
-0.437500
-0.140625
0.039062
-0.000000
-0.789062
0.257812
0.437500
0.984375
0.281250
0.609375
-0.992188
0.093750
0.570312
-0.492188
0.218750
0.640625
0.125000
-0.765625
0.960938
-0.625000
0.343750
0.710938
-0.828125
0.281250
0.671875
0.867188
0.492188
-0.421875
0.757812
-0.445312
-0.554688
-0.242188
-0.406250
-0.804688
0.875000
0.914062
-0.781250
-0.625000
-0.820312
-0.640625
-0.203125
-0.429688
0.968750
-0.398438
0.812500
0.343750
0.953125
0.476562
0.750000
0.492188
0.742188
-0.531250
0.617188
-0.335938
-0.757812
-0.187500
-0.218750
-0.539062
0.570312
0.007812
-0.054688
0.570312
-0.015625
0.023438
-0.226562
0.148438
0.601562
-0.828125
0.898438
0.726562
0.414062
0.781250
0.156250
0.375000
0.507812
0.789062
-0.195312
0.578125
-0.585938
0.335938
0.578125
0.171875
0.046875
-0.835938
0.421875
-0.234375
-0.539062
0.671875
-0.343750
-0.039062
-0.390625
-0.671875
-0.648438
-0.937500
0.273438
-0.757812
-0.132812
-0.031250
-0.375000
-0.632812
0.843750
-0.468750
-0.812500
-0.421875
0.195312
-0.515625
-0.000000
0.820312
0.359375
0.539062
0.000000
0.132812
-0.750000
-0.421875
0.617188
-0.664062
0.992188
-0.171875
0.109375
-0.445312
-0.632812
0.250000
0.648438
0.687500
-0.992188
0.007812
-0.585938
-0.000000
-0.320312
0.375000
-0.054688
-0.820312
0.921875
-0.289062
0.320312
-0.976562
0.828125
0.125000
0.015625
0.492188
0.156250
-0.460938
0.250000
0.679688
-0.648438
-0.835938
0.953125
-0.773438
-0.648438
-0.273438
-0.171875
-0.234375
0.609375
-0.218750
0.257812
-0.093750
-0.078125
0.695312
