2
0
0
5
40
8
0.093750
0.437500
-0.000000
0.585938
0.648438
0.148438
0.304688
0.960938
0.609375
-0.968750
-0.726562
-0.750000
-0.007812
-0.484375
-0.828125
-0.148438
-0.132812
0.734375
-0.593750
0.093750
-0.429688
-0.562500
-0.070312
0.148438
0.273438
-0.289062
-0.289062
0.015625
0.015625
0.109375
-0.367188
-0.984375
-0.570312
0.320312
0.773438
-0.679688
-0.843750
0.625000
0.570312
-0.164062
0.351562
-0.421875
-0.304688
-0.632812
0.359375
-0.414062
-0.914062
0.414062
-0.898438
-0.632812
-0.648438
0.085938
-0.218750
0.359375
0.726562
-0.054688
0.710938
0.226562
-0.062500
0.085938
-0.593750
-0.343750
-0.351562
-0.593750
-0.289062
-0.085938
0.453125
-0.507812
-0.632812
0.054688
-0.039062
0.437500
-0.367188
0.773438
-0.484375
0.421875
0.226562
-0.179688
-0.390625
0.460938
0.679688
-0.890625
0.250000
0.960938
-0.773438
-0.398438
0.250000
-0.156250
0.718750
0.617188
0.828125
0.750000
-0.390625
-0.695312
-0.250000
-0.164062
-0.710938
-0.023438
0.851562
-0.648438
0.945312
0.367188
0.132812
-0.960938
-0.414062
0.906250
-0.203125
-0.164062
-0.695312
0.078125
-0.601562
-0.187500
0.695312
0.164062
0.437500
0.351562
0.085938
0.781250
-0.562500
-0.523438
-0.835938
0.359375
-0.562500
-0.109375
0.156250
0.437500
-0.359375
0.742188
-0.781250
-0.703125
0.375000
-0.257812
-0.875000
-0.390625
-0.140625
0.007812
-0.570312
0.609375
0.820312
0.585938
-0.414062
0.445312
-0.500000
-0.382812
0.625000
0.804688
-0.648438
0.085938
-0.148438
0.773438
0.585938
0.421875
-0.906250
0.531250
-0.039062
-0.539062
-0.921875
-0.929688
-0.515625
-0.578125
-0.257812
-0.671875
0.593750
0.140625
0.023438
0.750000
-0.343750
0.851562
-0.117188
-0.382812
0.750000
-0.796875
0.718750
0.843750
0.703125
-0.000000
-0.351562
0.062500
-0.398438
-0.429688
-0.195312
0.281250
-0.953125
0.257812
0.179688
-0.289062
0.937500
0.500000
0.226562
-0.921875
0.421875
-0.429688
-0.625000
-0.890625
0.304688
-0.218750
-0.429688
0.593750
0.109375
-0.773438
0.375000
-0.921875
-0.593750
0.375000
0.773438
-0.226562
-0.250000
0.812500
-0.179688
-0.687500
-0.710938
0.953125
0.117188
0.648438
-0.656250
0.406250
-0.117188
0.835938
0.570312
0.789062
-0.109375
-0.085938
-0.781250
0.914062
0.398438
-0.304688
0.085938
-0.226562
-0.937500
0.101562
-0.039062
-0.070312
-0.609375
-0.578125
0.804688
-0.687500
-0.312500
-0.578125
-0.078125
-0.984375
0.406250
0.031250
-0.046875
-0.265625
-0.484375
0.070312
0.398438
-0.398438
0.250000
0.046875
-0.437500
0.382812
0.781250
-0.679688
0.984375
-0.296875
-0.484375
0.320312
-0.671875
-0.218750
-0.789062
-0.851562
0.179688
-0.804688
0.359375
0.914062
-0.234375
0.335938
0.351562
0.546875
-0.890625
0.164062
-0.367188
-0.484375
0.984375
-0.335938
0.468750
-0.539062
0.093750
-0.726562
-0.648438
0.835938
0.984375
-0.351562
-0.242188
-0.296875
0.914062
-0.578125
0.937500
-0.226562
0.914062
0.179688
-0.593750
-0.078125
-0.359375
0.859375
0.187500
0.179688
0.421875
0.640625
0.992188
-0.890625
-0.234375
0.851562
0.117188
0.234375
0.960938
-0.625000
0.523438
0.742188
-0.015625
-0.921875
0.156250
-0.109375
0.562500
-0.976562
-0.148438
0.820312
-0.953125
-0.507812
0.117188
-0.265625
-0.250000
-0.132812
-0.304688
-0.812500
0.710938
-0.664062
-0.437500
-0.562500
-0.437500
-0.445312
0.679688
0.000000
-0.843750
-0.695312
0.078125
0.507812
-0.781250
0.367188
-0.390625
0.609375
0.210938
-0.359375
-0.390625
-0.539062
-0.093750
-0.539062
-0.156250
-0.164062
-0.062500
-0.109375
-0.203125
0.062500
-0.304688
0.914062
-0.265625
0.968750
-0.875000
-0.078125
0.101562
0.789062
0.617188
-0.820312
-0.296875
-0.242188
0.554688
0.414062
0.789062
-0.875000
-0.117188
-0.515625
-0.554688
0.031250
-0.656250
0.742188
0.320312
-0.492188
0.710938
-0.632812
0.968750
0.664062
-0.109375
0.296875
0.781250
0.023438
-0.750000
0.312500
-0.500000
-0.437500
0.578125
0.031250
0.148438
-0.070312
-0.398438
0.929688
-0.734375
0.632812
0.656250
-0.882812
-0.171875
-0.414062
0.523438
-0.468750
0.289062
-0.625000
-0.273438
0.125000
-0.632812
-0.421875
0.039062
0.062500
0.289062
-0.671875
0.867188
-0.281250
-0.914062
0.335938
0.218750
-0.789062
-0.640625
0.390625
0.921875
0.023438
0.617188
-0.250000
-0.453125
-0.625000
-0.164062
-0.953125
0.234375
-0.429688
-0.734375
0.031250
0.179688
-0.234375
0.664062
-0.351562
0.054688
-0.765625
-0.523438
0.460938
0.812500
-0.937500
-0.156250
-0.375000
0.421875
0.429688
-0.242188
-0.710938
0.210938
0.132812
0.882812
-0.226562
0.742188
0.617188
0.359375
0.875000
-0.546875
0.085938
0.375000
-0.968750
0.210938
0.406250
-0.703125
-0.421875
-0.281250
-0.921875
0.992188
-0.164062
-0.648438
-0.070312
-0.656250
0.367188
-0.710938
0.867188
0.210938
0.414062
0.617188
-0.367188
-0.601562
0.804688
0.953125
0.187500
-0.906250
0.726562
-0.820312
0.000000
-0.789062
-0.523438
-0.304688
0.851562
-0.968750
0.164062
0.335938
-0.132812
0.679688
-0.515625
0.835938
-0.625000
-0.445312
-0.445312
-0.968750
0.289062
0.718750
-0.507812
-0.523438
0.265625
-0.453125
-0.984375
0.875000
0.820312
0.164062
-0.765625
-0.406250
-0.859375
-0.984375
0.054688
-0.414062
0.921875
0.898438
0.320312
-0.625000
-0.789062
0.515625
0.968750
0.851562
-0.906250
0.835938
-0.242188
0.914062
0.929688
0.437500
0.906250
0.757812
-0.554688
0.242188
0.781250
-0.695312
-0.265625
0.890625
-0.203125
0.125000
-0.734375
0.390625
0.281250
-0.203125
0.898438
0.593750
-0.062500
-0.351562
0.695312
-0.320312
0.484375
0.187500
-0.304688
-0.015625
-0.250000
-0.289062
-0.773438
0.679688
0.843750
-0.914062
-0.992188
0.515625
