2
0
0
5
40
8
-0.781250
-0.437500
-0.453125
-0.257812
-0.984375
-0.484375
0.953125
0.007812
0.734375
0.921875
0.953125
-0.640625
0.960938
-0.531250
0.257812
-0.460938
-0.109375
0.601562
-0.992188
0.132812
0.218750
-0.109375
0.546875
-0.968750
-0.429688
0.882812
-0.312500
-0.492188
0.046875
0.406250
-0.562500
0.835938
-0.890625
0.289062
0.195312
0.882812
-0.726562
-0.960938
0.992188
0.078125
-0.515625
-0.820312
-0.875000
0.945312
0.289062
0.125000
-0.984375
0.367188
-0.460938
0.593750
0.820312
-0.828125
-0.031250
0.484375
-0.023438
-0.828125
-0.906250
-0.898438
0.843750
0.882812
-0.648438
-0.046875
0.625000
0.859375
0.757812
0.281250
0.070312
-0.820312
-0.710938
0.367188
-0.859375
-0.015625
-0.828125
-0.093750
0.953125
-0.734375
-0.593750
-0.804688
0.148438
-0.953125
-0.242188
0.328125
0.414062
0.648438
0.195312
0.289062
-0.632812
0.585938
0.156250
-0.632812
0.117188
0.375000
0.359375
0.625000
-0.515625
0.289062
-0.890625
0.757812
-0.390625
0.078125
-0.976562
0.859375
0.265625
0.882812
-0.914062
0.351562
-0.039062
0.507812
0.546875
-0.539062
-0.445312
-0.710938
-0.679688
0.062500
0.945312
-0.039062
-0.203125
0.710938
0.132812
-0.648438
0.960938
-0.046875
0.562500
-0.046875
0.304688
-0.445312
-0.140625
0.539062
0.757812
0.804688
-0.710938
-0.867188
-0.429688
-0.437500
0.984375
0.164062
-0.109375
-0.250000
-0.101562
-0.906250
-0.671875
-0.718750
-0.078125
-0.007812
-0.062500
-0.343750
-0.015625
0.570312
0.429688
-0.429688
-0.031250
0.406250
-0.765625
0.750000
0.085938
0.093750
0.710938
-0.148438
0.945312
0.468750
0.398438
0.835938
0.703125
0.281250
0.601562
0.976562
0.390625
0.515625
-0.796875
0.921875
-0.421875
0.265625
-0.210938
-0.234375
-0.445312
0.734375
-0.828125
0.953125
-0.007812
-0.093750
0.601562
0.164062
-0.132812
0.484375
0.625000
0.187500
0.265625
0.320312
-0.132812
0.140625
-0.164062
-0.804688
-0.976562
-0.234375
-0.804688
-0.437500
-0.773438
0.679688
0.773438
0.179688
0.945312
-0.898438
-0.367188
-0.335938
-0.601562
0.617188
0.882812
0.929688
0.625000
-0.765625
-0.460938
-0.460938
-0.843750
0.648438
0.953125
0.054688
0.390625
-0.984375
0.390625
0.500000
0.835938
0.242188
-0.687500
-0.007812
0.375000
-0.531250
0.281250
0.085938
0.734375
0.851562
-0.351562
0.164062
0.101562
-0.515625
0.515625
0.867188
0.953125
-0.593750
0.171875
-0.515625
-0.593750
0.140625
0.843750
0.609375
0.906250
0.351562
0.210938
-0.835938
-0.492188
-0.750000
0.156250
-0.554688
-0.445312
-0.406250
-0.343750
0.007812
0.617188
-0.148438
0.351562
0.585938
-0.328125
-0.382812
0.476562
0.429688
-0.093750
-0.867188
-0.187500
-0.453125
-0.500000
-0.546875
-0.843750
-0.039062
0.289062
0.453125
-0.492188
-0.765625
0.914062
0.156250
-0.765625
0.617188
0.226562
-0.484375
0.070312
-0.265625
0.359375
-0.351562
-0.578125
-0.734375
-0.531250
0.234375
0.953125
-0.921875
0.531250
-0.531250
0.882812
-0.671875
0.484375
0.500000
0.578125
-0.093750
-0.820312
0.085938
0.937500
0.101562
0.960938
0.726562
0.921875
-0.085938
-0.945312
-0.351562
-0.648438
0.406250
0.968750
0.984375
0.835938
0.242188
0.101562
0.890625
-0.226562
0.671875
-0.664062
0.710938
0.210938
-0.937500
-0.328125
-0.937500
0.265625
0.421875
0.734375
0.351562
-0.781250
-0.820312
-0.085938
0.429688
-0.492188
-0.296875
-0.609375
0.773438
-0.554688
-0.312500
0.140625
-0.734375
0.937500
-0.015625
-0.734375
0.539062
0.632812
0.453125
0.945312
-0.445312
-0.476562
-0.000000
-0.562500
0.695312
-0.546875
-0.164062
0.000000
-0.468750
-0.234375
-0.210938
0.812500
0.929688
0.937500
0.171875
0.148438
-0.640625
-0.023438
0.531250
0.273438
-0.039062
-0.046875
0.570312
0.867188
-0.476562
0.335938
-0.796875
0.773438
0.085938
-0.039062
0.617188
0.273438
0.773438
0.804688
-0.835938
0.718750
-0.726562
-0.937500
0.164062
0.007812
-0.078125
-0.000000
0.375000
0.023438
0.820312
0.335938
0.023438
0.796875
0.046875
-0.257812
0.445312
0.539062
0.773438
0.125000
0.921875
-0.625000
-0.953125
0.851562
0.312500
-0.187500
0.742188
0.468750
-0.734375
-0.515625
-0.796875
-0.492188
-0.546875
-0.734375
0.101562
-0.609375
0.734375
0.960938
0.523438
0.671875
-0.820312
0.945312
0.320312
-0.218750
0.640625
-0.281250
0.914062
-0.367188
0.757812
0.585938
-0.203125
0.226562
-0.695312
0.156250
-0.250000
0.429688
-0.570312
-0.203125
0.562500
0.828125
-0.632812
0.703125
-0.593750
0.140625
-0.414062
0.562500
-0.234375
-0.992188
-0.156250
0.703125
-0.757812
0.437500
-0.890625
-0.257812
-0.015625
0.203125
-0.953125
0.125000
0.242188
0.898438
-0.257812
-0.210938
-0.585938
-0.234375
-0.414062
0.437500
0.718750
0.234375
-0.390625
0.421875
0.976562
-0.093750
0.250000
0.679688
-0.515625
0.671875
-0.703125
-0.828125
-0.531250
0.109375
0.789062
0.960938
0.781250
-0.390625
-0.640625
-0.226562
-0.914062
0.562500
-0.742188
-0.578125
-0.406250
0.687500
-0.437500
0.398438
-0.140625
-0.570312
0.640625
0.328125
0.835938
-0.835938
-0.742188
0.398438
-0.382812
-0.867188
0.585938
0.726562
-0.632812
-0.664062
-0.273438
-0.632812
-0.148438
-0.523438
-0.375000
-0.406250
-0.375000
-0.609375
-0.710938
-0.234375
-0.820312
-0.328125
-0.968750
-0.242188
0.859375
-0.031250
0.781250
-0.375000
-0.539062
-0.789062
0.929688
0.000000
-0.656250
0.523438
-0.156250
-0.710938
-0.101562
0.414062
-0.203125
-0.914062
-0.359375
-0.476562
-0.062500
-0.929688
0.398438
-0.359375
0.148438
0.750000
0.539062
0.906250
-0.476562
0.859375
-0.625000
-0.507812
0.226562
0.312500
-0.343750
-0.179688
-0.554688
-0.359375
-0.054688
-0.554688
-0.882812
-0.531250
