2
0
0
5
40
8
0.953125
0.984375
0.757812
0.765625
0.398438
-0.101562
-0.906250
0.835938
0.109375
-0.359375
-0.492188
0.046875
-0.335938
0.343750
-0.468750
-0.101562
-0.875000
0.531250
-0.343750
0.164062
0.023438
0.789062
-0.585938
-0.664062
-0.945312
0.562500
0.382812
-0.109375
0.210938
0.992188
-0.015625
-0.117188
-0.617188
0.515625
0.179688
-0.554688
0.234375
0.734375
-0.765625
-0.625000
0.171875
0.812500
-0.562500
-0.281250
0.093750
-0.000000
-0.562500
0.671875
-0.734375
-0.703125
-0.578125
-0.875000
0.453125
-0.601562
-0.257812
0.500000
-0.828125
-0.523438
0.585938
0.007812
0.718750
0.070312
-0.031250
-0.015625
-0.500000
0.984375
-0.625000
0.234375
-0.968750
0.898438
-0.007812
-0.093750
-0.570312
-0.375000
0.187500
0.187500
0.414062
-0.500000
0.421875
-0.921875
-0.414062
-0.429688
-0.640625
-0.890625
-0.382812
0.226562
0.140625
-0.429688
-0.726562
-0.015625
-0.398438
0.632812
-0.804688
0.289062
-0.382812
-0.148438
-0.476562
-0.453125
0.296875
-0.773438
0.804688
-0.601562
-0.781250
0.531250
0.515625
-0.117188
0.484375
0.523438
-0.843750
-0.109375
0.453125
-0.156250
-0.078125
0.570312
0.562500
0.257812
0.398438
0.968750
0.140625
0.296875
0.835938
0.210938
-0.718750
0.515625
-0.320312
-0.062500
-0.421875
0.734375
0.468750
-0.000000
-0.453125
-0.960938
-0.070312
0.453125
0.398438
-0.078125
0.578125
0.390625
0.046875
0.140625
-0.742188
0.265625
-0.671875
-0.382812
-0.031250
-0.734375
0.734375
-0.710938
0.843750
0.539062
-0.039062
0.273438
-0.265625
-0.664062
-0.390625
0.164062
0.593750
0.507812
-0.953125
0.367188
0.750000
-0.468750
0.820312
0.796875
0.734375
-0.343750
-0.500000
-0.648438
-0.093750
0.929688
-0.703125
-0.304688
-0.781250
0.593750
-0.273438
0.328125
-0.101562
0.148438
0.335938
-0.617188
0.929688
0.585938
0.453125
-0.656250
-0.656250
0.726562
0.960938
-0.687500
-0.445312
-0.015625
-0.273438
-0.843750
-0.023438
0.812500
-0.710938
-0.453125
0.609375
0.179688
0.835938
0.171875
-0.531250
-0.765625
-0.156250
0.328125
-0.984375
0.015625
0.992188
-0.835938
0.203125
0.171875
-0.359375
0.226562
-0.742188
-0.718750
-0.531250
-0.515625
-0.812500
-0.007812
-0.070312
-0.343750
0.968750
-0.429688
0.945312
0.476562
0.929688
-0.375000
-0.265625
0.195312
-0.632812
0.593750
-0.390625
-0.843750
-0.398438
-0.898438
0.062500
-0.648438
-0.937500
-0.296875
-0.007812
-0.703125
-0.007812
0.343750
-0.414062
0.812500
0.085938
0.632812
-0.648438
-0.281250
0.226562
0.359375
0.773438
0.000000
-0.296875
0.460938
0.117188
0.507812
-0.890625
-0.320312
-0.335938
0.804688
0.179688
0.687500
0.710938
-0.375000
0.406250
0.406250
0.171875
-0.445312
0.531250
-0.500000
0.242188
-0.007812
0.335938
-0.851562
0.226562
0.867188
0.718750
0.726562
-0.656250
0.960938
-0.546875
0.906250
0.921875
0.437500
-0.890625
-0.000000
-0.921875
-0.585938
-0.132812
0.296875
0.367188
0.945312
0.570312
0.742188
-0.226562
0.906250
0.984375
0.898438
0.515625
0.250000
-0.539062
0.609375
0.031250
0.039062
0.445312
-0.421875
-0.906250
-0.218750
-0.414062
-0.218750
0.921875
0.453125
0.335938
0.203125
-0.250000
0.976562
-0.976562
-0.093750
0.500000
0.640625
-0.468750
-0.796875
-0.640625
0.820312
-0.515625
-0.093750
-0.992188
0.078125
0.601562
-0.929688
0.546875
0.671875
0.609375
0.343750
0.031250
-0.898438
-0.765625
0.492188
-0.953125
-0.375000
-0.601562
0.890625
0.429688
-0.289062
-0.250000
-0.820312
-0.671875
-0.203125
0.281250
0.148438
-0.812500
0.156250
-0.781250
-0.273438
0.421875
-0.625000
-0.640625
0.117188
0.546875
-0.984375
0.960938
0.906250
0.257812
-0.062500
-0.945312
-0.476562
0.828125
0.710938
-0.023438
0.406250
0.171875
0.859375
-0.609375
0.320312
0.101562
0.890625
-0.742188
0.421875
-0.585938
0.820312
0.156250
-0.757812
0.945312
-0.625000
-0.484375
0.117188
0.140625
0.843750
-0.750000
-0.546875
-0.960938
-0.484375
0.593750
0.093750
0.554688
0.632812
-0.335938
0.851562
-0.406250
0.859375
0.742188
-0.273438
0.500000
-0.070312
-0.773438
0.867188
0.507812
0.023438
-0.304688
0.906250
0.070312
0.406250
-0.117188
0.062500
-0.023438
0.648438
0.882812
-0.312500
0.718750
0.257812
-0.664062
-0.250000
-0.281250
-0.859375
0.515625
0.609375
-0.164062
0.750000
0.320312
-0.539062
-0.921875
0.101562
-0.757812
-0.187500
-0.656250
-0.117188
0.843750
-0.296875
-0.914062
0.218750
0.210938
0.398438
-0.140625
-0.757812
0.687500
0.265625
0.257812
-0.015625
-0.953125
0.000000
0.281250
-0.171875
0.820312
0.250000
0.843750
-0.234375
0.125000
0.171875
0.218750
-0.234375
0.835938
0.507812
0.070312
0.031250
0.726562
-0.976562
0.937500
0.070312
-0.664062
0.476562
0.281250
0.429688
0.656250
-0.820312
0.781250
-0.742188
0.679688
0.710938
-0.414062
-0.335938
-0.085938
-0.828125
0.062500
0.687500
0.687500
-0.734375
-0.585938
-0.617188
0.742188
0.539062
-0.312500
0.460938
-0.664062
0.359375
-0.867188
-0.382812
-0.523438
0.343750
0.890625
0.304688
0.382812
0.906250
-0.742188
-0.375000
0.414062
-0.632812
-0.328125
-0.492188
-0.523438
-0.804688
-0.093750
0.875000
-0.617188
0.312500
-0.070312
-0.601562
0.445312
-0.523438
0.929688
0.906250
-0.507812
0.265625
0.335938
0.546875
0.585938
0.820312
0.406250
0.750000
-0.812500
-0.656250
-0.195312
-0.937500
-0.570312
0.507812
0.187500
-0.007812
-0.835938
-0.875000
0.187500
0.304688
0.859375
0.867188
-0.859375
-0.187500
-0.539062
0.898438
-0.234375
-0.843750
0.125000
-0.679688
-0.539062
-0.765625
0.804688
-0.882812
-0.914062
0.593750
0.093750
0.828125
-0.492188
0.750000
0.406250
0.953125
-0.101562
0.851562
0.781250
