2
0
0
5
40
8
0.781250
-0.734375
0.609375
0.164062
0.773438
-0.750000
-0.234375
-0.367188
0.164062
0.570312
-0.101562
-0.312500
0.476562
-0.359375
-0.609375
-0.289062
-0.578125
-0.062500
-0.078125
0.468750
-0.039062
-0.281250
0.164062
-0.507812
0.343750
0.570312
-0.625000
-0.046875
-0.921875
0.414062
0.992188
0.765625
-0.320312
0.976562
0.617188
-0.390625
0.210938
0.218750
0.664062
-0.398438
-0.546875
-0.492188
0.914062
-0.523438
-0.953125
0.390625
-0.445312
-0.937500
-0.546875
0.093750
-0.023438
-0.296875
-0.671875
0.679688
-0.664062
0.593750
0.765625
0.789062
0.101562
0.210938
-0.320312
0.351562
-0.187500
0.468750
-0.546875
-0.515625
-0.851562
0.203125
0.312500
-0.093750
-0.531250
-0.351562
-0.789062
-0.343750
0.929688
-0.804688
-0.476562
-0.328125
-0.437500
-0.882812
-0.554688
-0.593750
-0.789062
0.789062
-0.484375
0.929688
-0.476562
-0.968750
0.875000
-0.882812
0.718750
0.492188
0.992188
0.593750
0.453125
0.484375
0.445312
-0.921875
0.171875
0.671875
-0.328125
-0.390625
-0.976562
0.062500
0.718750
-0.929688
0.625000
0.710938
-0.921875
0.796875
0.007812
-0.007812
-0.500000
-0.890625
0.632812
0.000000
-0.148438
-0.070312
-0.703125
-0.703125
-0.960938
-0.867188
0.039062
0.453125
0.437500
0.726562
-0.804688
0.210938
0.242188
0.734375
0.015625
0.375000
0.656250
-0.531250
-0.710938
0.289062
0.054688
0.789062
0.390625
-0.218750
-0.656250
0.570312
0.953125
0.203125
-0.203125
0.687500
-0.960938
0.882812
0.250000
0.453125
-0.476562
0.781250
-0.695312
-0.820312
-0.085938
0.062500
-0.562500
-0.718750
-0.015625
0.593750
0.406250
0.468750
-0.132812
-0.492188
0.351562
-0.929688
-0.304688
-0.195312
0.515625
0.320312
0.757812
0.179688
0.960938
-0.023438
-0.406250
0.546875
0.453125
0.687500
0.992188
0.796875
-0.101562
0.710938
0.187500
-0.531250
0.226562
0.726562
-0.703125
0.601562
-0.625000
-0.906250
0.945312
-0.085938
-0.648438
-0.031250
0.703125
0.835938
0.585938
0.367188
0.742188
0.335938
-0.937500
0.656250
0.898438
-0.328125
-0.429688
0.601562
0.773438
0.375000
0.835938
-0.070312
0.867188
-0.281250
0.703125
0.976562
0.875000
0.507812
-0.601562
0.515625
-0.812500
-0.054688
0.976562
-0.414062
0.992188
-0.445312
-0.562500
0.796875
-0.546875
-0.265625
-0.570312
0.359375
0.750000
-0.148438
-0.125000
0.320312
-0.898438
0.023438
0.546875
-0.054688
0.015625
0.015625
-0.218750
-0.218750
-0.570312
0.812500
0.148438
0.781250
0.125000
-0.515625
-0.726562
-0.992188
0.804688
-0.679688
0.687500
0.476562
0.593750
0.335938
0.640625
0.359375
-0.507812
0.976562
0.101562
0.984375
0.132812
-0.539062
-0.250000
-0.789062
-0.132812
-0.523438
0.000000
-0.109375
-0.828125
-0.718750
0.031250
-0.539062
0.984375
0.320312
0.203125
-0.640625
0.437500
0.578125
0.757812
-0.960938
0.289062
0.250000
0.609375
0.398438
0.367188
-0.492188
0.460938
-0.156250
-0.757812
-0.585938
0.382812
-0.414062
-0.703125
-0.601562
-0.578125
-0.132812
-0.046875
-0.562500
-0.203125
0.859375
0.312500
-0.867188
-0.593750
-0.585938
0.382812
-0.554688
0.562500
0.156250
-0.703125
-0.875000
0.210938
-0.687500
-0.179688
0.070312
-0.609375
0.687500
0.367188
-0.859375
0.539062
0.125000
0.656250
0.570312
-0.773438
0.640625
0.062500
0.687500
-0.046875
-0.921875
-0.531250
0.484375
-0.218750
-0.929688
0.500000
-0.843750
-0.523438
-0.109375
-0.664062
0.914062
0.164062
-0.929688
0.804688
0.125000
0.320312
-0.679688
0.476562
-0.226562
-0.687500
-0.117188
-0.085938
-0.078125
0.976562
-0.312500
0.109375
-0.546875
-0.304688
-0.007812
0.398438
-0.734375
-0.640625
0.726562
-0.953125
0.679688
0.953125
-0.796875
0.460938
-0.742188
0.039062
-0.890625
-0.835938
0.656250
-0.632812
-0.898438
-0.445312
-0.148438
-0.296875
-0.468750
-0.859375
0.773438
0.429688
-0.085938
-0.281250
0.593750
0.765625
0.609375
0.062500
-0.070312
0.812500
-0.531250
-0.148438
0.515625
0.742188
0.765625
0.875000
-0.210938
-0.085938
-0.820312
0.593750
-0.609375
-0.023438
-0.867188
0.437500
-0.320312
0.289062
0.992188
-0.289062
-0.796875
0.781250
0.898438
-0.453125
-0.125000
-0.640625
0.093750
-0.820312
-0.148438
-0.656250
0.203125
0.187500
0.945312
-0.640625
0.390625
-0.562500
-0.968750
0.242188
-0.812500
0.203125
-0.296875
0.906250
0.625000
-0.343750
-0.445312
-0.671875
0.507812
0.468750
-0.687500
-0.781250
0.304688
-0.023438
-0.593750
0.101562
-0.609375
0.773438
-0.070312
0.929688
-0.750000
0.578125
0.656250
0.554688
0.835938
-0.992188
0.085938
-0.765625
-0.718750
-0.351562
-0.109375
0.000000
-0.289062
-0.343750
0.242188
-0.429688
-0.414062
-0.070312
0.187500
0.554688
0.367188
-0.945312
0.570312
-0.390625
0.226562
-0.000000
-0.109375
-0.171875
-0.578125
0.523438
-0.531250
0.359375
0.953125
0.054688
-0.960938
0.750000
-0.671875
-0.609375
-0.867188
0.312500
-0.398438
0.984375
0.226562
-0.273438
0.320312
0.671875
-0.882812
0.046875
-0.367188
0.671875
0.867188
-0.875000
-0.515625
-0.781250
0.656250
-0.984375
0.054688
0.351562
0.148438
-0.140625
0.328125
0.554688
-0.156250
-0.945312
0.820312
-0.367188
-0.679688
0.476562
0.976562
0.437500
-0.906250
-0.781250
0.945312
0.734375
0.320312
-0.781250
-0.265625
-0.890625
0.578125
-0.179688
-0.953125
-0.281250
0.742188
0.078125
-0.257812
0.320312
-0.546875
-0.039062
-0.992188
-0.273438
-0.718750
-0.414062
-0.812500
0.937500
0.148438
0.289062
-0.851562
-0.546875
-0.960938
-0.187500
-0.609375
0.093750
0.679688
-0.578125
-0.539062
-0.773438
-0.664062
0.390625
0.609375
0.828125
-0.187500
-0.921875
0.195312
-0.843750
-0.343750
0.351562
-0.859375
0.203125
-0.351562
-0.507812
