2
0
0
5
40
8
0.093750
0.796875
0.742188
-0.976562
0.453125
-0.648438
-0.531250
-0.765625
0.843750
0.273438
-0.562500
-0.718750
0.640625
0.375000
0.148438
-0.929688
0.710938
0.242188
-0.609375
0.328125
-0.250000
-0.335938
-0.765625
-0.062500
0.789062
-0.375000
-0.734375
0.992188
-0.445312
0.562500
-0.765625
-0.468750
-0.406250
0.179688
0.265625
0.351562
-0.203125
0.367188
-0.320312
-0.765625
0.992188
-0.773438
-0.359375
0.710938
-0.187500
-0.164062
0.484375
0.945312
0.007812
0.656250
-0.320312
0.687500
0.195312
-0.539062
-0.265625
-0.710938
-0.617188
0.359375
-0.031250
0.437500
-0.546875
-0.039062
-0.320312
0.734375
0.562500
0.343750
0.703125
-0.781250
0.695312
0.625000
-0.234375
0.484375
0.429688
0.703125
-0.757812
-0.601562
-0.328125
-0.757812
0.304688
-0.578125
0.039062
-0.945312
0.539062
-0.289062
-0.804688
0.710938
-0.804688
-0.773438
-0.492188
0.664062
0.968750
0.054688
-0.546875
-0.468750
0.476562
-0.382812
-0.679688
-0.234375
-0.367188
0.046875
0.843750
-0.453125
0.046875
-0.531250
-0.781250
-0.398438
0.320312
-0.289062
0.921875
-0.265625
0.304688
0.335938
-0.101562
-0.937500
0.546875
-0.609375
-0.195312
-0.710938
-0.757812
-0.765625
0.804688
0.664062
0.835938
-0.460938
0.335938
0.078125
-0.687500
0.921875
-0.226562
-0.960938
-0.562500
-0.453125
-0.828125
-0.265625
0.742188
-0.562500
-0.054688
-0.351562
0.078125
-0.617188
-0.937500
-0.523438
-0.828125
-0.882812
-0.523438
0.773438
-0.390625
0.281250
0.117188
-0.406250
-0.750000
-0.640625
-0.328125
-0.492188
-0.484375
0.789062
-0.773438
0.023438
0.242188
0.804688
-0.382812
-0.382812
0.195312
-0.664062
0.523438
-0.125000
0.968750
0.406250
0.578125
0.710938
-0.539062
-0.648438
-0.421875
0.804688
0.078125
0.554688
-0.625000
-0.640625
0.960938
0.609375
0.023438
-0.820312
-0.500000
-0.109375
-0.734375
-0.039062
0.281250
-0.179688
0.937500
0.078125
-0.179688
-0.234375
-0.281250
0.234375
-0.484375
-0.593750
-0.210938
0.898438
0.882812
-0.312500
0.398438
-0.132812
-0.695312
0.960938
0.382812
0.054688
0.023438
0.148438
0.125000
0.625000
0.617188
0.265625
0.812500
-0.421875
0.335938
0.046875
-0.007812
-0.695312
0.984375
-0.539062
0.562500
0.125000
-0.093750
0.531250
0.406250
-0.257812
0.460938
-0.195312
0.523438
0.265625
0.859375
-0.867188
0.531250
-0.812500
-0.093750
-0.093750
0.078125
0.171875
-0.593750
-0.070312
0.726562
-0.453125
0.203125
0.671875
0.648438
0.000000
0.953125
0.750000
-0.164062
-0.976562
0.531250
0.648438
-0.914062
0.976562
0.343750
-0.437500
0.820312
-0.781250
0.984375
0.492188
-0.296875
0.015625
0.492188
-0.109375
0.507812
0.820312
0.109375
-0.460938
-0.015625
-0.476562
-0.796875
-0.250000
0.046875
-0.351562
0.898438
0.148438
0.757812
0.585938
-0.117188
-0.617188
0.070312
0.382812
-0.796875
0.109375
-0.500000
0.789062
0.898438
0.757812
0.070312
-0.632812
-0.546875
0.015625
-0.585938
-0.617188
0.765625
0.554688
-0.773438
0.445312
-0.742188
0.609375
0.070312
0.664062
0.328125
0.648438
0.976562
-0.656250
-0.640625
-0.828125
-0.382812
-0.648438
0.039062
-0.812500
-0.382812
-0.156250
-0.648438
-0.078125
0.304688
-0.718750
0.093750
-0.257812
0.914062
0.906250
-0.078125
0.406250
-0.898438
-0.203125
0.875000
0.789062
-0.382812
0.734375
0.296875
0.164062
-0.726562
0.210938
0.679688
-0.187500
0.921875
-0.859375
0.765625
0.890625
-0.453125
0.210938
-0.101562
-0.953125
-0.335938
-0.570312
0.484375
0.257812
-0.054688
0.578125
0.445312
0.882812
0.312500
-0.171875
-0.367188
-0.726562
-0.984375
-0.898438
-0.773438
-0.078125
-0.765625
-0.468750
0.539062
-0.109375
0.453125
0.210938
0.578125
0.945312
0.726562
0.390625
0.710938
-0.289062
0.125000
0.890625
-0.257812
-0.625000
0.843750
-0.390625
0.007812
-0.421875
0.289062
-0.593750
-0.203125
0.109375
0.085938
-0.789062
-0.609375
-0.671875
-0.718750
0.554688
0.242188
0.117188
0.710938
-0.656250
-0.226562
-0.226562
0.179688
0.640625
-0.843750
-0.367188
-0.875000
-0.484375
0.187500
0.734375
0.023438
-0.062500
0.351562
-0.757812
0.328125
-0.562500
0.203125
-0.046875
-0.093750
0.039062
-0.046875
-0.671875
-0.539062
-0.804688
-0.953125
0.531250
-0.664062
0.773438
0.460938
0.812500
-0.875000
-0.046875
-0.367188
0.953125
-0.984375
-0.507812
0.226562
0.398438
-0.054688
0.828125
0.945312
0.773438
-0.656250
0.031250
-0.867188
-0.437500
-0.484375
-0.703125
-0.164062
0.140625
-0.351562
0.140625
0.867188
-0.539062
-0.773438
0.140625
-0.335938
0.804688
0.164062
-0.156250
-0.585938
-0.328125
-0.968750
-0.062500
-0.250000
-0.539062
-0.531250
-0.148438
0.203125
-0.664062
0.898438
0.695312
0.171875
0.445312
-0.156250
0.960938
0.960938
0.179688
-0.742188
0.945312
-0.531250
0.093750
0.492188
0.164062
0.515625
0.781250
-0.226562
-0.625000
-0.257812
-0.921875
-0.804688
0.554688
-0.273438
-0.101562
-0.929688
0.750000
0.617188
-0.859375
0.765625
0.843750
0.078125
-0.320312
-0.406250
0.921875
0.164062
-0.585938
0.640625
-0.406250
-0.414062
0.117188
0.507812
0.343750
-0.484375
0.664062
0.820312
0.648438
0.320312
-0.226562
0.125000
-0.445312
0.984375
-0.500000
0.257812
0.710938
0.382812
-0.007812
0.265625
-0.726562
-0.992188
-0.976562
-0.382812
-0.093750
0.554688
0.226562
-0.687500
0.625000
-0.226562
-0.632812
-0.070312
-0.468750
-0.023438
-0.687500
-0.078125
0.187500
0.031250
0.453125
0.718750
0.406250
-0.281250
-0.593750
-0.281250
-0.476562
0.789062
0.007812
-0.953125
0.125000
-0.632812
-0.468750
0.945312
0.289062
-0.187500
-0.789062
0.585938
0.023438
-0.539062
0.906250
0.195312
0.109375
-0.195312
-0.640625
-0.296875
