2
0
0
5
40
8
-0.390625
-0.093750
0.273438
0.859375
-0.031250
-0.085938
0.406250
0.320312
0.343750
-0.335938
0.234375
-0.015625
-0.359375
0.156250
0.929688
-0.789062
-0.960938
0.085938
-0.445312
0.359375
-0.367188
-0.601562
-0.726562
-0.757812
-0.328125
-0.625000
-0.468750
0.039062
-0.789062
0.203125
-0.335938
0.789062
-0.914062
0.734375
-0.835938
-0.304688
-0.625000
-0.484375
0.156250
0.609375
0.960938
0.531250
0.781250
0.171875
0.867188
0.750000
-0.906250
0.031250
0.242188
0.429688
0.281250
-0.125000
0.156250
-0.796875
-0.242188
-0.625000
-0.203125
0.523438
0.765625
0.789062
-0.117188
0.812500
0.601562
0.335938
0.945312
0.140625
-0.789062
-0.968750
0.890625
0.859375
0.195312
0.648438
-0.742188
0.890625
0.296875
-0.718750
0.664062
0.023438
0.273438
-0.539062
0.046875
-0.375000
0.609375
0.226562
-0.468750
-0.710938
0.726562
-0.085938
-0.523438
-0.601562
0.492188
-0.914062
0.328125
-0.906250
-0.546875
0.796875
-0.617188
0.062500
0.062500
-0.640625
-0.546875
-0.500000
-0.593750
0.953125
-0.703125
-0.984375
0.492188
0.179688
-0.039062
0.820312
0.960938
-0.953125
0.570312
0.937500
-0.757812
0.734375
-0.585938
-0.734375
0.367188
0.234375
0.140625
-0.757812
0.906250
-0.117188
-0.812500
-0.617188
0.484375
0.953125
-0.148438
-0.320312
-0.515625
-0.054688
-0.632812
0.132812
-0.718750
-0.437500
-0.992188
-0.578125
-0.804688
-0.039062
0.937500
-0.000000
-0.609375
-0.492188
-0.007812
0.843750
0.625000
0.882812
0.265625
-0.093750
0.851562
0.132812
0.289062
-0.492188
0.125000
0.375000
0.515625
-0.312500
0.273438
0.140625
-0.039062
-0.710938
0.054688
-0.601562
-0.796875
0.945312
0.226562
-0.367188
0.460938
0.171875
-0.914062
-0.664062
0.742188
-0.890625
-0.921875
0.796875
0.679688
0.148438
-0.242188
0.492188
0.882812
0.609375
-0.867188
-0.187500
-0.867188
0.898438
0.882812
0.593750
0.554688
0.585938
-0.164062
0.921875
0.078125
-0.007812
0.195312
-0.625000
0.148438
0.015625
0.867188
0.000000
-0.992188
-0.960938
-0.804688
-0.398438
-0.328125
-0.304688
0.804688
-0.734375
-0.179688
-0.875000
-0.632812
-0.320312
0.109375
0.281250
0.937500
0.585938
0.898438
0.460938
-0.039062
0.265625
-0.937500
0.382812
0.906250
-0.703125
-0.250000
0.859375
0.359375
0.953125
0.281250
-0.539062
-0.750000
0.945312
-0.914062
0.132812
0.515625
0.484375
0.406250
0.367188
-0.890625
-0.250000
-0.960938
0.882812
0.039062
0.789062
-0.046875
0.125000
0.625000
0.109375
-0.679688
-0.500000
-0.820312
0.882812
-0.054688
-0.960938
-0.851562
0.523438
-0.937500
-0.382812
-0.804688
-0.414062
0.171875
-0.468750
0.828125
0.906250
-0.539062
0.640625
-0.070312
-0.734375
0.585938
-0.734375
0.414062
-0.531250
-0.617188
0.640625
0.273438
-0.929688
0.765625
-0.820312
-0.382812
-0.554688
0.820312
-0.968750
-0.406250
0.226562
0.859375
0.320312
0.093750
-0.406250
0.234375
-0.695312
0.320312
0.515625
0.812500
-0.304688
0.976562
0.101562
0.976562
-0.867188
0.226562
-0.343750
0.968750
-0.117188
-0.515625
-0.070312
0.484375
-0.117188
-0.929688
-0.375000
0.968750
-0.273438
0.523438
0.046875
0.187500
0.835938
-0.390625
-0.664062
0.125000
-0.945312
0.039062
-0.906250
-0.710938
-0.085938
0.187500
-0.507812
-0.132812
0.179688
-0.710938
0.789062
0.007812
0.226562
0.046875
-0.476562
-0.578125
0.976562
-0.382812
0.523438
-0.960938
0.468750
0.304688
0.820312
0.671875
-0.351562
-0.835938
-0.125000
-0.234375
-0.007812
-0.757812
0.148438
0.898438
-0.695312
-0.429688
-0.671875
-0.179688
-0.609375
-0.656250
0.273438
0.664062
0.664062
0.242188
-0.226562
0.539062
0.078125
0.890625
0.890625
-0.625000
0.593750
-0.960938
-0.953125
-0.257812
-0.789062
0.375000
-0.851562
-0.414062
0.875000
0.757812
-0.187500
0.773438
-0.570312
0.273438
0.640625
-0.265625
-0.585938
0.851562
0.109375
-0.031250
0.023438
-0.796875
0.898438
0.343750
-0.609375
0.046875
0.265625
0.531250
0.234375
-0.671875
-0.242188
0.492188
-0.679688
0.812500
-0.109375
-0.765625
-0.875000
-0.523438
0.750000
-0.562500
-0.843750
-0.937500
-0.710938
-0.289062
0.898438
-0.007812
-0.382812
0.781250
0.937500
-0.992188
0.007812
-0.992188
-0.054688
0.445312
0.023438
-0.539062
-0.117188
-0.281250
0.257812
-0.023438
0.804688
-0.000000
0.523438
-0.968750
0.218750
0.031250
0.062500
-0.929688
-0.515625
-0.632812
-0.281250
-0.875000
-0.218750
-0.468750
0.062500
-0.703125
-0.062500
0.710938
0.812500
-0.234375
-0.703125
-0.796875
0.593750
-0.289062
0.000000
-0.632812
-0.351562
0.335938
0.429688
-0.968750
-0.726562
-0.828125
0.757812
-0.929688
-0.078125
0.179688
0.406250
0.812500
0.242188
-0.695312
0.234375
0.148438
-0.523438
-0.843750
-0.453125
0.804688
0.382812
-0.703125
0.250000
0.523438
0.023438
0.734375
-0.710938
-0.265625
0.601562
-0.007812
-0.250000
0.531250
0.429688
-0.953125
0.429688
0.765625
0.328125
0.726562
-0.656250
0.250000
0.390625
-0.507812
-0.421875
-0.406250
-0.851562
0.414062
0.562500
0.703125
-0.546875
-0.765625
-0.046875
0.968750
0.070312
-0.382812
0.109375
0.492188
0.937500
0.515625
0.750000
0.835938
0.726562
0.265625
0.015625
0.195312
-0.078125
0.046875
-0.875000
0.414062
-0.953125
0.734375
-0.148438
0.218750
0.398438
0.234375
0.828125
0.476562
-0.515625
0.875000
0.890625
0.132812
-0.960938
-0.070312
0.500000
0.000000
-0.804688
-0.265625
-0.156250
-0.281250
0.500000
0.585938
0.500000
0.648438
-0.851562
-0.046875
0.179688
0.718750
0.578125
-0.632812
0.109375
0.929688
0.398438
0.296875
-0.640625
-0.367188
-0.390625
0.312500
0.828125
0.234375
-0.039062
-0.750000
-0.039062
0.656250
-0.078125
0.007812
