2
0
0
5
40
8
-0.484375
0.265625
-0.140625
0.968750
-0.898438
0.296875
-0.812500
0.984375
0.382812
-0.890625
-0.710938
-0.046875
-0.359375
-0.484375
0.960938
-0.953125
-0.539062
0.890625
0.718750
0.414062
0.281250
-0.945312
-0.492188
-0.796875
-0.648438
-0.468750
-0.859375
0.070312
-0.203125
0.437500
-0.546875
0.687500
-0.601562
-0.289062
0.242188
0.289062
0.453125
0.085938
0.523438
0.281250
0.726562
-0.367188
0.406250
-0.625000
0.203125
0.234375
-0.492188
0.015625
0.742188
-0.953125
0.117188
-0.750000
-0.101562
-0.601562
-0.273438
0.312500
0.304688
0.914062
0.265625
0.726562
-0.875000
-0.976562
-0.812500
-0.789062
0.789062
-0.859375
-0.031250
0.078125
0.054688
0.382812
0.320312
0.992188
-0.476562
-0.976562
-0.125000
-0.468750
-0.078125
0.210938
0.570312
0.187500
0.156250
0.164062
0.445312
0.492188
-0.906250
-0.195312
-0.046875
-0.312500
-0.632812
0.164062
-0.492188
-0.429688
0.585938
0.187500
-0.328125
0.804688
0.796875
-0.257812
0.742188
0.875000
-0.632812
0.851562
0.187500
-0.992188
0.125000
0.203125
0.812500
-0.906250
-0.460938
0.671875
-0.578125
-0.468750
0.945312
0.257812
-0.835938
-0.015625
0.492188
-0.406250
0.054688
0.531250
-0.773438
0.421875
-0.617188
-0.921875
0.085938
0.054688
-0.859375
0.460938
0.953125
-0.718750
-0.101562
-0.617188
-0.257812
-0.539062
-0.359375
0.234375
-0.304688
0.187500
-0.109375
-0.953125
0.000000
0.398438
0.671875
0.937500
-0.140625
0.945312
-0.062500
-0.843750
0.859375
0.468750
0.148438
-0.640625
-0.890625
0.476562
-0.328125
-0.789062
0.593750
-0.914062
0.929688
0.750000
-0.148438
-0.156250
0.320312
-0.710938
0.593750
-0.453125
0.187500
0.164062
-0.367188
0.140625
0.375000
0.187500
-0.835938
0.140625
0.585938
0.687500
0.945312
0.015625
-0.835938
-0.015625
-0.289062
0.273438
-0.304688
-0.375000
0.695312
-0.898438
0.109375
-0.562500
-0.359375
0.812500
-0.085938
-0.843750
-0.757812
-0.429688
-0.718750
0.929688
-0.187500
0.445312
0.195312
-0.632812
0.476562
-0.656250
-0.414062
0.695312
-0.859375
0.343750
-0.437500
-0.359375
-0.093750
-0.117188
-0.039062
-0.843750
-0.148438
0.554688
-0.515625
0.679688
-0.734375
-0.679688
0.992188
0.546875
0.312500
-0.242188
0.242188
-0.992188
-0.867188
-0.531250
0.398438
0.187500
-0.335938
-0.492188
0.335938
0.562500
0.828125
0.265625
-0.054688
0.843750
-0.546875
-0.203125
0.664062
0.929688
-0.671875
-0.281250
0.476562
0.882812
0.070312
0.320312
0.078125
-0.367188
0.375000
0.125000
0.570312
0.875000
0.000000
0.367188
0.859375
0.398438
0.750000
0.898438
-0.390625
0.296875
0.585938
-0.273438
0.046875
0.078125
-0.554688
-0.398438
0.820312
-0.812500
0.546875
0.828125
0.718750
0.921875
0.671875
0.320312
-0.210938
-0.171875
0.960938
-0.359375
0.984375
-0.726562
-0.523438
0.875000
-0.531250
0.429688
-0.937500
-0.843750
-0.203125
-0.882812
0.710938
-0.789062
0.453125
-0.867188
0.375000
-0.617188
-0.062500
-0.500000
0.570312
0.882812
-0.007812
0.585938
-0.835938
-0.187500
-0.210938
-0.828125
-0.687500
0.984375
0.664062
0.679688
0.734375
0.406250
0.351562
0.093750
0.351562
-0.929688
-0.359375
-0.640625
-0.070312
0.523438
0.750000
-0.453125
0.015625
-0.937500
-0.562500
0.992188
-0.375000
0.960938
-0.984375
0.914062
-0.140625
-0.718750
-0.781250
0.359375
-0.789062
0.148438
-0.890625
0.179688
0.320312
0.078125
-0.742188
0.546875
-0.976562
-0.609375
0.875000
-0.210938
-0.085938
-0.820312
-0.843750
0.968750
-0.218750
-0.804688
-0.265625
-0.320312
0.187500
-0.648438
0.039062
-0.406250
-0.148438
-0.390625
0.914062
-0.195312
0.039062
-0.726562
0.531250
-0.367188
-0.687500
-0.523438
-0.484375
0.625000
-0.273438
-0.968750
-0.351562
0.031250
-0.054688
0.679688
-0.781250
-0.101562
-0.375000
-0.218750
0.781250
-0.632812
0.585938
0.539062
0.890625
-0.976562
0.156250
0.546875
0.953125
-0.351562
-0.242188
0.351562
0.171875
-0.078125
0.445312
0.492188
-0.593750
-0.320312
0.968750
-0.828125
0.648438
-0.367188
0.289062
-0.531250
-0.953125
-0.015625
0.007812
0.343750
0.593750
-0.695312
0.085938
0.406250
0.218750
0.132812
0.406250
-0.625000
0.210938
0.718750
-0.750000
-0.281250
0.429688
0.500000
-0.570312
-0.976562
0.554688
-0.992188
0.804688
0.195312
0.554688
-0.328125
0.109375
-0.750000
-0.203125
0.250000
-0.093750
-0.148438
0.593750
-0.507812
0.898438
0.546875
-0.593750
0.046875
0.820312
0.257812
-0.765625
0.890625
-0.867188
-0.375000
-0.171875
-0.468750
0.898438
-0.429688
-0.187500
0.625000
-0.718750
-0.609375
-0.140625
-0.562500
-0.335938
-0.765625
0.828125
0.718750
-0.726562
0.953125
-0.046875
0.640625
-0.468750
0.898438
0.109375
0.984375
-0.351562
-0.695312
0.234375
0.898438
0.882812
-0.156250
-0.242188
0.015625
-0.984375
-0.750000
0.265625
0.257812
-0.554688
-0.398438
0.265625
0.015625
-0.234375
0.054688
0.335938
0.679688
-0.960938
0.976562
-0.750000
0.335938
0.164062
-0.515625
-0.195312
0.765625
-0.914062
0.390625
-0.796875
-0.179688
0.476562
0.039062
-0.453125
0.437500
0.992188
-0.828125
0.937500
0.781250
-0.546875
0.171875
0.070312
-0.914062
0.460938
-0.882812
-0.304688
0.789062
-0.554688
0.078125
0.101562
0.632812
-0.445312
-0.843750
-0.187500
-0.406250
-0.773438
-0.351562
-0.570312
-0.679688
0.828125
-0.109375
0.914062
-0.640625
-0.312500
-0.085938
-0.468750
0.609375
-0.007812
0.609375
-0.015625
-0.757812
0.007812
-0.328125
-0.742188
0.250000
0.406250
-0.593750
0.296875
-0.289062
-0.648438
-0.359375
0.101562
-0.804688
-0.953125
0.031250
0.187500
0.593750
0.953125
-0.210938
0.992188
-0.062500
-0.789062
-0.031250
0.929688
-0.843750
-0.218750
