2
0
0
5
40
8
0.757812
0.117188
-0.937500
-0.046875
0.132812
-0.273438
0.734375
-0.898438
0.023438
0.601562
0.187500
-0.867188
-0.992188
0.648438
0.570312
-0.328125
-0.765625
-0.828125
0.632812
0.734375
0.570312
-0.390625
-0.703125
0.914062
0.375000
0.835938
-0.601562
0.476562
-0.601562
0.609375
0.742188
-0.078125
0.648438
-0.750000
-0.757812
0.445312
-0.109375
0.289062
0.023438
0.125000
-0.539062
-0.945312
0.054688
0.039062
0.328125
-0.820312
0.476562
-0.210938
-0.046875
0.132812
0.078125
0.773438
-0.960938
-0.414062
-0.257812
0.273438
0.437500
0.937500
0.976562
-0.835938
-0.101562
0.687500
-0.906250
0.179688
0.914062
-0.570312
-0.500000
0.226562
0.218750
0.468750
-0.195312
0.117188
-0.085938
-0.093750
-0.562500
0.218750
-0.828125
0.218750
0.421875
-0.984375
0.250000
0.625000
0.789062
0.632812
0.984375
0.851562
0.351562
0.414062
0.679688
-0.757812
0.976562
0.515625
-0.609375
0.125000
0.945312
-0.851562
0.390625
0.421875
-0.828125
-0.109375
-0.414062
-0.718750
0.718750
-0.460938
-0.187500
0.140625
-0.648438
0.109375
0.875000
0.273438
-0.695312
0.890625
0.570312
0.609375
0.406250
0.171875
0.710938
-0.781250
-0.992188
-0.570312
-0.945312
-0.453125
-0.320312
0.406250
0.859375
-0.250000
0.515625
-0.484375
-0.054688
-0.070312
0.312500
0.789062
-0.234375
-0.570312
-0.781250
0.625000
0.445312
-0.468750
-0.203125
-0.289062
0.632812
-0.093750
-0.289062
-0.976562
-0.718750
-0.523438
0.312500
-0.578125
-0.484375
0.054688
0.968750
-0.250000
0.898438
0.476562
0.984375
-0.210938
-0.445312
0.085938
0.234375
0.718750
0.875000
0.695312
0.101562
0.171875
0.867188
0.578125
0.203125
-0.929688
0.437500
0.171875
-0.898438
0.117188
-0.570312
0.257812
0.046875
0.898438
-0.875000
0.781250
-0.031250
0.773438
0.039062
0.843750
0.101562
0.750000
-0.187500
0.242188
-0.476562
-0.148438
0.851562
-0.195312
0.187500
0.382812
-0.968750
-0.945312
0.132812
-0.632812
0.671875
0.976562
-0.132812
0.367188
-0.242188
0.187500
0.570312
-0.804688
-0.773438
-0.617188
0.984375
0.218750
0.664062
0.445312
-0.453125
0.343750
-0.914062
-0.664062
-0.562500
0.703125
-0.367188
0.507812
0.140625
0.679688
0.445312
0.070312
0.140625
-0.960938
0.242188
-0.867188
-0.007812
-0.273438
0.218750
0.460938
0.851562
-0.867188
-0.851562
-0.875000
-0.906250
0.664062
0.953125
-0.414062
0.640625
0.781250
-0.601562
-0.187500
-0.960938
-0.148438
-0.914062
-0.234375
0.179688
0.609375
-0.492188
0.671875
-0.726562
0.453125
0.656250
0.484375
0.906250
-0.992188
0.804688
0.218750
-0.937500
-0.906250
0.945312
0.062500
0.710938
-0.500000
0.968750
-0.210938
-0.726562
0.296875
-0.289062
0.125000
-0.468750
-0.664062
0.585938
-0.148438
0.203125
-0.085938
-0.804688
-0.695312
0.820312
0.265625
0.523438
-0.687500
-0.625000
-0.710938
-0.382812
0.171875
0.804688
0.703125
0.367188
-0.070312
-0.656250
0.820312
-0.335938
0.992188
0.531250
0.664062
-0.828125
-0.445312
-0.476562
-0.187500
-0.953125
-0.343750
0.703125
0.789062
0.679688
0.921875
-0.593750
0.500000
0.265625
-0.257812
0.484375
0.500000
-0.742188
-0.406250
0.671875
-0.148438
-0.664062
-0.781250
-0.164062
-0.109375
0.367188
0.429688
0.578125
-0.500000
0.218750
0.835938
0.898438
-0.421875
-0.890625
-0.046875
-0.414062
-0.671875
0.390625
0.078125
0.468750
0.898438
-0.171875
-0.171875
0.882812
-0.664062
-0.148438
0.570312
-0.132812
0.109375
-0.960938
0.937500
0.085938
-0.765625
-0.445312
0.125000
0.164062
0.742188
-0.085938
0.562500
0.437500
-0.445312
0.414062
0.812500
0.851562
0.695312
0.367188
0.851562
-0.796875
0.710938
0.234375
0.148438
-0.406250
0.054688
-0.601562
0.273438
0.359375
-0.664062
-0.765625
0.164062
0.898438
-0.968750
0.171875
0.335938
-0.835938
0.171875
-0.921875
-0.812500
-0.695312
0.109375
0.484375
0.484375
0.421875
0.945312
0.500000
0.906250
-0.742188
0.148438
0.859375
-0.468750
-0.367188
-0.765625
-0.234375
0.132812
0.875000
-0.742188
-0.117188
-0.976562
0.710938
0.632812
0.460938
-0.117188
0.546875
0.835938
0.835938
0.914062
0.757812
-0.406250
0.726562
-0.226562
0.585938
0.515625
0.953125
0.875000
-0.445312
-0.171875
0.742188
0.703125
-0.359375
-0.539062
0.187500
-0.312500
-0.101562
-0.406250
0.703125
-0.062500
0.078125
-0.210938
-0.757812
-0.351562
-0.273438
0.585938
-0.437500
0.648438
0.101562
0.406250
-0.250000
-0.046875
-0.781250
-0.500000
0.617188
-0.757812
0.515625
-0.562500
-0.226562
0.851562
-0.179688
0.992188
0.187500
-0.562500
0.351562
0.585938
0.734375
0.148438
0.906250
-0.617188
0.648438
0.023438
-0.679688
0.437500
0.296875
-0.382812
-0.546875
-0.992188
-0.093750
-0.632812
-0.429688
0.242188
0.906250
-0.375000
0.351562
-0.156250
0.929688
-0.039062
-0.796875
0.851562
0.593750
0.078125
0.531250
-0.515625
0.492188
-0.171875
0.484375
-0.125000
0.929688
-0.632812
0.664062
-0.281250
0.109375
0.296875
0.968750
0.546875
-0.500000
0.570312
-0.617188
0.898438
-0.421875
-0.023438
-0.117188
0.695312
0.062500
0.023438
0.664062
0.585938
0.851562
-0.976562
0.125000
-0.054688
-0.343750
0.882812
0.078125
0.828125
-0.015625
0.023438
-0.820312
0.679688
0.750000
-0.187500
-0.125000
0.265625
0.062500
-0.250000
0.296875
0.101562
0.429688
-0.281250
-0.750000
0.625000
0.875000
-0.195312
-0.976562
0.492188
-0.734375
-0.578125
-0.015625
0.429688
0.632812
-0.179688
0.812500
-0.445312
0.000000
0.335938
0.453125
0.976562
-0.070312
0.742188
0.390625
-0.468750
0.125000
-0.156250
-0.757812
0.242188
-0.031250
-0.492188
-0.406250
-0.914062
-0.898438
0.273438
-0.195312
-0.648438
-0.398438
