2
0
0
5
40
8
-0.187500
-0.890625
-0.976562
0.789062
0.203125
0.843750
0.625000
-0.992188
-0.515625
-0.062500
-0.382812
-0.773438
-0.179688
-0.984375
0.000000
-0.687500
0.117188
-0.117188
-0.562500
-0.281250
0.164062
-0.445312
-0.289062
-0.820312
0.546875
-0.976562
0.757812
-0.828125
-0.203125
-0.296875
0.562500
0.953125
0.164062
0.851562
0.210938
-0.210938
0.867188
0.492188
-0.578125
0.421875
0.226562
-0.875000
-0.570312
0.320312
0.468750
-0.953125
-0.046875
-0.015625
0.398438
-0.703125
0.093750
0.046875
0.265625
-0.820312
0.421875
-0.742188
0.312500
-0.906250
0.101562
-0.015625
0.164062
0.546875
-0.523438
-0.390625
0.507812
-0.437500
-0.328125
0.828125
-0.578125
-0.359375
0.148438
-0.257812
-0.812500
-0.320312
0.609375
-0.742188
0.437500
0.710938
-0.843750
0.656250
-0.281250
0.437500
0.492188
0.531250
-0.234375
-0.335938
0.218750
-0.234375
-0.312500
-0.265625
0.929688
-0.453125
0.718750
-0.742188
0.187500
0.921875
0.632812
-0.046875
-0.835938
-0.226562
-0.429688
-0.937500
-0.945312
0.523438
0.335938
-0.015625
0.406250
0.687500
0.585938
0.890625
0.328125
-0.843750
-0.617188
0.593750
-0.179688
-0.312500
-0.328125
-0.242188
-0.718750
-0.609375
-0.140625
0.882812
-0.062500
0.882812
0.031250
-0.710938
-0.765625
-0.406250
0.554688
0.828125
-0.398438
0.531250
0.312500
-0.609375
-0.046875
0.210938
0.289062
0.218750
-0.203125
0.945312
-0.992188
-0.804688
-0.601562
0.632812
0.226562
0.773438
0.640625
0.765625
0.976562
-0.171875
-0.726562
0.820312
0.968750
-0.257812
-0.187500
0.171875
0.460938
0.867188
0.140625
0.242188
-0.835938
-0.156250
-0.289062
-0.109375
0.453125
-0.921875
-0.078125
-0.523438
0.164062
0.734375
0.718750
0.382812
0.000000
0.390625
-0.484375
0.296875
-0.406250
-0.929688
-0.500000
0.890625
0.492188
-0.632812
-0.945312
-0.562500
0.828125
-0.968750
0.148438
-0.843750
-0.539062
0.789062
-0.179688
-0.007812
0.359375
0.023438
-0.453125
0.867188
0.492188
-0.679688
-0.171875
0.265625
-0.789062
0.335938
0.093750
0.539062
0.789062
-0.976562
-0.351562
-0.406250
-0.968750
0.468750
-0.664062
-0.187500
0.640625
0.921875
0.343750
-0.210938
-0.671875
0.242188
-0.367188
0.718750
-0.453125
0.937500
0.945312
-0.007812
0.742188
-0.000000
-0.578125
-0.695312
-0.328125
-0.726562
0.289062
0.585938
0.343750
0.796875
-0.109375
0.164062
0.492188
0.273438
-0.781250
-0.125000
0.960938
0.093750
0.679688
-0.921875
-0.054688
-0.789062
-0.679688
-0.453125
-0.625000
-0.109375
0.554688
-0.078125
-0.820312
0.445312
-0.484375
-0.601562
-0.296875
-0.414062
-0.312500
-0.914062
-0.679688
0.531250
-0.593750
0.843750
0.101562
0.203125
-0.531250
0.468750
-0.062500
-0.273438
-0.789062
-0.648438
0.507812
0.828125
0.117188
0.164062
0.296875
0.742188
-0.226562
-0.117188
-0.101562
0.546875
-0.843750
-0.117188
-0.867188
0.984375
0.468750
-0.164062
-0.554688
-0.531250
-0.500000
0.343750
0.078125
-0.679688
0.984375
-0.210938
0.289062
0.656250
-0.320312
0.718750
-0.195312
-0.164062
-0.765625
-0.562500
0.203125
-0.632812
-0.718750
-0.289062
0.234375
-0.992188
0.507812
0.945312
0.179688
-0.109375
0.132812
0.125000
0.109375
0.453125
0.906250
-0.406250
-0.335938
0.257812
0.500000
0.789062
-0.875000
0.625000
-0.000000
-0.687500
0.750000
-0.992188
-0.984375
0.906250
-0.710938
-0.625000
-0.921875
0.507812
-0.187500
-0.421875
0.765625
-0.859375
0.429688
0.507812
-0.898438
-0.296875
-0.375000
-0.054688
0.062500
0.757812
0.507812
-0.890625
-0.843750
0.718750
0.593750
0.539062
0.789062
-0.062500
-0.640625
0.523438
0.359375
-0.929688
0.500000
-0.117188
-0.359375
0.312500
0.031250
-0.109375
-0.531250
-0.421875
-0.500000
0.203125
-0.210938
0.242188
0.429688
-0.562500
0.414062
-0.218750
-0.773438
-0.992188
-0.914062
0.148438
-0.375000
0.898438
-0.492188
0.773438
-0.992188
-0.453125
0.242188
0.289062
0.898438
-0.250000
0.453125
0.195312
-0.773438
0.281250
0.671875
-0.375000
-0.726562
0.867188
-0.648438
0.593750
0.015625
0.664062
0.000000
-0.343750
0.101562
0.125000
0.984375
-0.140625
-0.523438
0.585938
-0.062500
0.312500
-0.054688
0.945312
0.945312
0.648438
-0.875000
-0.382812
-0.578125
0.804688
0.742188
-0.687500
-0.742188
-0.468750
0.437500
-0.000000
-0.382812
0.070312
0.601562
-0.312500
0.835938
0.968750
0.085938
-0.289062
0.406250
0.343750
-0.164062
-0.765625
0.343750
-0.648438
0.507812
-0.960938
-0.289062
0.031250
0.343750
0.554688
0.773438
0.484375
0.203125
0.617188
0.382812
0.601562
0.242188
-0.835938
0.132812
0.476562
-0.328125
0.164062
-0.585938
0.203125
0.250000
-0.875000
-0.031250
-0.101562
-0.882812
-0.734375
-0.789062
-0.312500
-0.687500
-0.679688
-0.460938
0.281250
-0.265625
-0.882812
-0.265625
0.679688
-0.039062
0.593750
-0.960938
-0.109375
0.500000
-0.484375
0.468750
-0.500000
-0.851562
-0.671875
0.898438
-0.414062
0.773438
-0.500000
-0.414062
-0.632812
-0.398438
-0.937500
0.804688
0.664062
-0.937500
-0.421875
-0.679688
0.507812
-0.593750
-0.984375
0.765625
0.843750
0.203125
0.890625
-0.195312
-0.921875
0.375000
-0.898438
-0.304688
0.000000
0.867188
-0.187500
0.546875
-0.140625
-0.664062
0.171875
0.648438
0.250000
-0.296875
-0.320312
-0.695312
0.789062
-0.921875
-0.023438
-0.046875
0.101562
0.648438
0.976562
-0.921875
-0.914062
0.164062
0.187500
-0.437500
-0.796875
0.765625
0.898438
0.429688
0.750000
-0.390625
0.835938
0.117188
0.960938
0.070312
-0.835938
-0.757812
-0.726562
0.414062
0.937500
-0.804688
0.515625
-0.929688
0.093750
0.539062
0.453125
-0.773438
-0.789062
-0.914062
0.679688
0.437500
0.523438
-0.796875
-0.882812
-0.000000
