2
0
0
5
40
8
-0.296875
0.812500
0.984375
0.210938
0.265625
-0.101562
0.210938
0.265625
0.054688
0.875000
0.992188
-0.390625
0.835938
-0.570312
-0.093750
-0.875000
-0.828125
-0.554688
-0.070312
-0.687500
-0.835938
0.804688
-0.867188
0.125000
-0.726562
-0.929688
0.046875
-0.507812
-0.007812
0.539062
0.320312
-0.429688
-0.625000
-0.515625
0.054688
-0.328125
-0.710938
-0.257812
0.773438
0.421875
0.804688
-0.375000
-0.726562
0.070312
-0.453125
0.257812
-0.156250
-0.609375
-0.593750
-0.617188
-0.203125
-0.109375
0.507812
-0.476562
-0.000000
0.234375
0.562500
0.804688
-0.851562
-0.171875
0.976562
0.937500
0.210938
-0.742188
0.468750
0.406250
-0.218750
0.460938
-0.070312
0.984375
-0.789062
-0.554688
-0.750000
-0.804688
0.132812
0.054688
-0.140625
-0.656250
0.367188
0.828125
0.953125
-0.945312
0.945312
0.953125
0.375000
-0.859375
-0.335938
-0.171875
-0.148438
-0.679688
0.375000
0.453125
0.867188
0.601562
-0.500000
0.992188
0.335938
0.632812
-0.406250
0.882812
0.765625
-0.976562
-0.203125
0.265625
-0.148438
-0.218750
-0.320312
0.304688
-0.835938
-0.078125
0.226562
-0.218750
0.523438
0.960938
-0.804688
-0.554688
0.835938
-0.609375
-0.148438
-0.554688
0.304688
0.437500
-0.156250
0.218750
-0.656250
-0.703125
0.898438
0.507812
-0.070312
-0.054688
-0.164062
0.296875
-0.578125
-0.718750
0.335938
0.453125
-0.812500
0.640625
-0.257812
-0.554688
0.125000
-0.257812
-0.632812
-0.460938
0.992188
-0.984375
-0.687500
-0.531250
0.914062
0.718750
0.414062
0.085938
-0.226562
0.421875
-0.203125
0.718750
0.484375
-0.468750
-0.390625
-0.851562
-0.671875
-0.351562
-0.171875
0.226562
0.671875
-0.164062
-0.460938
-0.367188
0.671875
0.804688
-0.328125
0.140625
-0.820312
0.757812
-0.812500
-0.390625
0.695312
-0.687500
-0.562500
-0.421875
0.984375
0.843750
0.593750
-0.226562
-0.617188
0.390625
-0.109375
-0.804688
-0.617188
-0.937500
0.234375
0.664062
-0.367188
0.210938
-0.835938
-0.609375
-0.656250
0.437500
-0.539062
-0.351562
0.070312
0.734375
0.343750
-0.625000
0.015625
-0.117188
-0.203125
-0.289062
-0.945312
0.460938
0.718750
-0.609375
0.132812
0.164062
0.132812
0.460938
0.976562
-0.296875
0.515625
0.828125
0.429688
-0.445312
0.281250
0.710938
0.320312
0.640625
0.085938
-0.812500
-0.585938
0.039062
0.398438
0.429688
0.156250
-0.515625
0.117188
-0.648438
0.546875
0.546875
-0.773438
-0.046875
0.671875
-0.898438
-0.218750
-0.171875
-0.437500
-0.984375
-0.796875
-0.968750
-0.804688
0.460938
-0.460938
0.648438
0.265625
-0.054688
0.945312
-0.726562
0.289062
-0.046875
0.328125
-0.070312
0.875000
0.031250
0.148438
0.921875
-0.398438
0.835938
0.617188
-0.398438
0.695312
-0.617188
0.828125
-0.382812
-0.000000
-0.195312
-0.289062
-0.523438
-0.703125
0.382812
0.062500
0.109375
0.976562
-0.726562
-0.070312
0.898438
0.648438
0.648438
-0.835938
-0.375000
-0.726562
0.437500
-0.054688
-0.218750
0.210938
-0.039062
-0.437500
-0.351562
-0.312500
0.078125
0.429688
0.398438
0.140625
0.601562
-0.242188
0.273438
0.562500
-0.187500
0.765625
-0.125000
-0.703125
0.953125
-0.718750
0.015625
-0.765625
-0.039062
0.281250
-0.093750
-0.953125
0.726562
-0.890625
0.187500
-0.851562
0.242188
0.148438
0.687500
-0.507812
0.109375
0.835938
-0.281250
0.125000
-0.031250
-0.562500
0.500000
0.859375
0.843750
-0.015625
-0.906250
0.820312
-0.843750
-0.601562
-0.710938
0.375000
-0.539062
0.882812
-0.570312
0.710938
-0.890625
-0.140625
-0.687500
0.945312
-0.039062
0.093750
-0.820312
-0.867188
-0.476562
0.648438
-0.687500
0.687500
0.710938
-0.617188
0.640625
0.390625
-0.773438
-0.976562
0.250000
0.289062
0.031250
-0.804688
-0.445312
0.523438
0.984375
-0.218750
0.406250
-0.226562
-0.093750
-0.070312
0.093750
-0.007812
0.289062
-0.070312
0.070312
-0.476562
0.773438
0.921875
0.718750
-0.351562
0.859375
0.765625
-0.640625
0.523438
0.921875
0.835938
-0.593750
0.226562
0.515625
-0.273438
-0.851562
0.125000
0.273438
0.054688
-0.765625
0.296875
0.250000
0.109375
0.148438
0.765625
0.281250
-0.046875
-0.867188
0.117188
-0.203125
-0.679688
-0.750000
-0.109375
-0.757812
-0.664062
0.007812
0.921875
0.054688
0.570312
0.125000
-0.320312
0.117188
-0.578125
0.789062
-0.851562
0.453125
-0.570312
-0.984375
0.406250
-0.828125
-0.617188
0.226562
0.507812
-0.757812
0.656250
0.640625
-0.632812
0.515625
-0.945312
-0.164062
-0.195312
-0.453125
0.687500
0.304688
0.687500
-0.601562
0.140625
-0.656250
0.414062
0.328125
0.429688
0.078125
0.406250
-0.140625
0.351562
-0.101562
-0.226562
-0.171875
-0.914062
-0.320312
0.187500
-0.476562
0.523438
-0.015625
0.007812
-0.367188
0.773438
0.984375
-0.648438
0.476562
0.828125
0.898438
0.546875
-0.078125
0.210938
-0.195312
-0.382812
0.031250
0.164062
0.125000
-0.976562
-0.281250
0.281250
-0.343750
0.968750
0.101562
-0.648438
0.492188
-0.031250
-0.507812
-0.375000
-0.093750
0.093750
0.304688
-0.203125
0.570312
-0.796875
-0.218750
0.398438
0.914062
0.757812
0.140625
0.335938
-0.125000
-0.414062
0.000000
0.687500
0.023438
0.195312
0.289062
0.726562
-0.054688
-0.007812
0.945312
-0.367188
-0.882812
0.132812
-0.562500
0.523438
-0.054688
-0.585938
-0.992188
0.273438
0.468750
0.054688
0.140625
0.335938
0.625000
0.031250
0.031250
-0.500000
-0.210938
0.085938
0.898438
-0.132812
0.171875
-0.945312
-0.132812
0.304688
-0.671875
0.429688
-0.742188
-0.328125
-0.820312
-0.890625
-0.875000
0.171875
0.203125
-0.398438
0.593750
-0.484375
-0.812500
0.031250
0.343750
0.671875
-0.609375
-0.632812
-0.796875
0.679688
0.539062
0.359375
0.109375
0.882812
-0.367188
-0.101562
