2
0
0
5
40
8
0.679688
0.015625
-0.101562
0.460938
-0.875000
-0.203125
0.585938
0.054688
0.343750
0.992188
0.875000
-0.648438
0.460938
-0.546875
-0.703125
-0.046875
-0.039062
0.304688
0.726562
-0.437500
0.187500
-0.226562
0.085938
0.140625
0.257812
0.125000
0.117188
-0.875000
0.695312
-0.703125
-0.117188
0.085938
0.679688
0.679688
-0.882812
-0.335938
0.117188
-0.625000
-0.859375
-0.085938
0.437500
-0.421875
0.101562
-0.867188
-0.023438
0.390625
-0.554688
0.664062
0.250000
-0.953125
-0.460938
-0.625000
0.289062
0.125000
0.945312
-0.031250
-0.640625
0.710938
-0.078125
0.093750
0.460938
0.734375
0.890625
0.492188
0.695312
-0.890625
-0.476562
-0.765625
-0.382812
-0.695312
0.648438
-0.281250
-0.414062
-0.585938
0.250000
0.507812
0.609375
0.125000
0.851562
0.195312
0.671875
-0.851562
-0.507812
-0.015625
-0.953125
0.179688
0.968750
-0.000000
-0.296875
-0.664062
0.195312
0.281250
-0.093750
-0.195312
0.296875
-0.351562
-0.304688
0.734375
-0.093750
-0.578125
-0.375000
-0.320312
0.468750
-0.312500
-0.984375
-0.476562
0.914062
-0.812500
-0.890625
-0.296875
0.351562
0.820312
-0.039062
0.781250
-0.695312
0.945312
0.281250
0.500000
-0.351562
0.617188
-0.210938
-0.851562
-0.796875
-0.093750
-0.054688
-0.367188
0.804688
-0.562500
0.273438
-0.804688
0.757812
0.421875
0.109375
0.195312
-0.625000
0.750000
-0.093750
0.429688
0.570312
-0.789062
-0.781250
-0.554688
0.375000
-0.632812
-0.750000
-0.117188
-0.000000
-0.375000
-0.007812
-0.320312
-0.484375
-0.703125
0.507812
0.804688
0.203125
-0.781250
0.859375
0.546875
-0.289062
0.804688
0.351562
0.109375
-0.187500
-0.617188
-0.351562
-0.101562
-0.171875
0.734375
-0.414062
-0.085938
-0.242188
0.875000
0.789062
0.414062
-0.328125
0.289062
0.867188
-0.554688
-0.460938
-0.375000
-0.335938
-0.437500
-0.773438
-0.171875
-0.078125
0.203125
0.609375
-0.789062
-0.046875
0.992188
0.882812
0.781250
0.117188
0.117188
0.851562
0.710938
0.960938
-0.851562
0.640625
-0.835938
0.718750
-0.367188
0.601562
0.406250
0.882812
0.906250
0.015625
0.210938
-0.867188
0.500000
0.054688
0.742188
0.445312
-0.414062
-0.375000
-0.375000
0.695312
-0.632812
-0.421875
0.351562
0.468750
-0.953125
0.320312
-0.765625
0.148438
-0.742188
-0.937500
-0.000000
0.109375
0.476562
0.132812
0.273438
0.914062
-0.546875
-0.625000
0.375000
-0.632812
-0.539062
-0.148438
0.023438
-0.859375
0.609375
-0.765625
-0.953125
-0.062500
-0.507812
-0.882812
-0.609375
-0.710938
-0.960938
-0.187500
-0.750000
-0.437500
-0.726562
-0.109375
0.289062
0.710938
0.625000
0.656250
-0.671875
0.796875
0.960938
-0.984375
0.554688
0.312500
-0.273438
-0.117188
0.656250
-0.984375
-0.164062
0.234375
0.789062
0.734375
-0.640625
-0.531250
0.515625
0.460938
-0.539062
0.320312
-0.351562
-0.046875
-0.187500
-0.601562
-0.804688
-0.593750
-0.429688
0.515625
-0.085938
-0.843750
-0.898438
0.812500
0.687500
-0.804688
-0.445312
-0.820312
-0.843750
-0.953125
0.382812
-0.414062
0.968750
-0.820312
0.867188
-0.125000
0.703125
-0.085938
-0.164062
0.281250
-0.257812
-0.304688
-0.710938
0.484375
0.562500
0.500000
-0.335938
0.000000
-0.578125
0.570312
-0.304688
-0.429688
0.250000
0.468750
-0.109375
-0.218750
-0.000000
0.703125
0.718750
-0.210938
0.992188
-0.750000
0.640625
0.875000
-0.859375
0.085938
-0.601562
-0.734375
0.671875
0.882812
-0.359375
0.929688
0.570312
-0.703125
0.156250
-0.656250
-0.609375
0.601562
-0.632812
0.359375
0.664062
0.468750
0.695312
0.726562
0.406250
-0.507812
-0.125000
0.187500
0.804688
0.835938
0.640625
-0.843750
-0.671875
0.273438
0.593750
-0.789062
-0.882812
0.945312
-0.359375
0.468750
0.687500
-0.843750
-0.617188
-0.234375
0.843750
0.929688
0.953125
0.789062
0.781250
0.773438
-0.117188
-0.468750
0.500000
0.617188
0.437500
-0.062500
0.117188
0.867188
-0.078125
0.601562
-0.109375
0.664062
-0.320312
-0.914062
0.234375
0.765625
0.742188
0.015625
-0.851562
0.171875
0.546875
-0.703125
-0.781250
-0.437500
0.109375
0.726562
0.796875
-0.492188
-0.765625
0.914062
0.460938
-0.054688
0.101562
0.617188
-0.609375
0.546875
0.625000
0.437500
-0.890625
0.085938
-0.500000
-0.804688
0.140625
0.398438
-0.898438
-0.390625
0.992188
-0.375000
-0.414062
-0.382812
-0.664062
0.601562
-0.218750
-0.695312
-0.015625
0.218750
-0.789062
-0.046875
-0.671875
-0.312500
-0.687500
-0.210938
-0.703125
0.984375
-0.843750
-0.156250
-0.281250
0.953125
-0.203125
0.984375
0.085938
0.234375
-0.867188
0.171875
0.671875
0.953125
-0.765625
0.101562
-0.890625
-0.304688
0.250000
0.304688
0.171875
-0.656250
-0.687500
-0.664062
0.093750
0.781250
0.484375
0.976562
-0.312500
-0.671875
-0.789062
0.632812
0.429688
0.062500
-0.476562
-0.421875
-0.156250
-0.859375
-0.312500
0.671875
-0.937500
-0.750000
0.687500
-0.312500
0.703125
-0.140625
0.140625
0.210938
-0.734375
0.046875
-0.601562
0.164062
-0.085938
0.546875
0.625000
0.359375
-0.375000
-0.242188
0.710938
0.781250
-0.984375
0.742188
-0.500000
-0.679688
0.031250
-0.273438
0.289062
-0.640625
0.593750
-0.156250
-0.218750
0.601562
0.648438
0.984375
-0.210938
-0.789062
0.007812
-0.546875
-0.835938
0.296875
-0.304688
0.531250
0.625000
0.085938
0.335938
-0.890625
-0.140625
0.265625
0.164062
-0.695312
0.007812
0.820312
0.078125
0.695312
0.835938
-0.406250
-0.617188
-0.851562
0.976562
-0.507812
-0.664062
0.695312
-0.906250
-0.140625
-0.796875
-0.867188
0.148438
0.601562
0.812500
0.664062
0.046875
0.976562
-0.500000
0.335938
0.890625
0.132812
0.351562
-0.843750
0.890625
-0.906250
0.632812
-0.929688
-0.179688
-0.210938
-0.687500
0.328125
