2
0
0
5
40
8
0.375000
-0.429688
-0.750000
-0.210938
0.007812
-0.445312
0.257812
0.390625
0.914062
-0.625000
0.687500
0.812500
0.859375
-0.984375
-0.851562
-0.281250
-0.593750
0.312500
-0.804688
-0.062500
0.679688
-0.304688
0.320312
0.406250
0.437500
0.765625
0.125000
0.710938
0.562500
-0.710938
0.429688
-0.609375
0.000000
0.429688
-0.218750
-0.000000
0.070312
-0.218750
-0.398438
0.265625
0.664062
-0.531250
-0.937500
0.031250
-0.632812
-0.351562
0.593750
-0.179688
0.523438
0.367188
0.789062
0.085938
-0.960938
0.390625
0.000000
-0.031250
0.875000
-0.171875
-0.429688
-0.500000
-0.882812
0.109375
-0.109375
-0.695312
0.585938
0.656250
-0.093750
-0.585938
-0.382812
-0.062500
0.093750
0.390625
0.468750
0.195312
0.320312
0.890625
0.476562
0.476562
-0.375000
-0.937500
0.867188
0.195312
0.023438
0.492188
0.906250
-0.445312
0.046875
-0.093750
0.890625
0.992188
-0.882812
-0.062500
-0.250000
-0.554688
0.078125
0.601562
-0.992188
0.796875
-0.500000
-0.632812
-0.656250
-0.656250
0.046875
0.804688
0.507812
0.351562
-0.531250
0.531250
0.070312
0.882812
-0.484375
0.500000
-0.015625
-0.398438
0.031250
0.343750
0.617188
-0.054688
0.343750
-0.601562
0.445312
-0.875000
0.531250
0.226562
-0.414062
0.984375
-0.210938
0.359375
-0.296875
0.289062
-0.015625
0.148438
0.804688
-0.468750
-0.710938
0.031250
0.875000
0.757812
-0.617188
-0.632812
-0.570312
-0.937500
-0.117188
0.695312
-0.289062
0.562500
0.632812
-0.695312
0.796875
-0.617188
0.617188
0.695312
-0.453125
-0.335938
-0.476562
0.054688
-0.617188
-0.304688
-0.515625
0.523438
-0.609375
-0.882812
-0.937500
-0.023438
-0.554688
0.046875
0.421875
0.039062
-0.234375
-0.640625
0.671875
-0.929688
-0.757812
-0.570312
-0.164062
0.882812
-0.945312
-0.304688
0.359375
0.304688
-0.023438
-0.421875
-0.101562
0.812500
0.187500
0.312500
0.156250
0.703125
-0.281250
-0.781250
0.500000
0.234375
-0.132812
-0.625000
-0.125000
-0.101562
0.023438
-0.789062
-0.968750
-0.085938
0.281250
0.507812
-0.648438
0.304688
-0.921875
0.804688
0.023438
0.328125
-0.664062
-0.906250
-0.726562
-0.929688
0.859375
0.789062
0.218750
0.351562
0.921875
0.015625
0.648438
0.906250
0.101562
0.250000
-0.367188
0.281250
-0.296875
0.015625
-0.117188
-0.382812
0.531250
0.312500
0.117188
0.585938
-0.570312
-0.812500
0.117188
0.929688
0.937500
-0.140625
0.554688
-0.656250
0.007812
0.609375
0.718750
0.296875
-0.734375
0.742188
-0.570312
-0.671875
0.460938
0.187500
-0.562500
-0.351562
-0.515625
0.976562
0.343750
-0.078125
0.031250
0.804688
0.429688
-0.031250
-0.203125
-0.546875
-0.492188
-0.875000
0.343750
0.109375
-0.218750
0.562500
0.195312
0.398438
-0.515625
0.992188
-0.867188
-0.703125
-0.750000
-0.859375
0.335938
-0.179688
-0.398438
-0.359375
-0.156250
-0.398438
-0.171875
-0.242188
-0.500000
0.828125
-0.671875
-0.445312
-0.421875
0.937500
0.093750
-0.968750
-0.656250
0.851562
-0.023438
0.132812
-0.484375
0.640625
-0.726562
0.867188
-0.070312
-0.453125
-0.351562
0.804688
-0.937500
0.734375
-0.406250
0.109375
-0.273438
-0.640625
0.367188
-0.828125
-0.156250
0.960938
-0.101562
0.898438
-0.234375
0.437500
0.187500
0.304688
-0.750000
-0.820312
0.351562
-0.773438
-0.062500
0.140625
0.195312
0.820312
-0.281250
-0.156250
-0.085938
0.468750
-0.562500
0.062500
0.445312
-0.101562
0.406250
0.125000
-0.578125
0.523438
0.070312
0.359375
0.718750
0.226562
-0.070312
-0.531250
0.492188
0.632812
-0.078125
-0.640625
0.156250
-0.984375
0.703125
-0.820312
0.007812
-0.742188
0.179688
0.382812
0.265625
-0.328125
0.781250
-0.859375
-0.000000
0.703125
-0.507812
0.460938
-0.421875
0.429688
0.265625
0.718750
-0.671875
-0.671875
-0.031250
0.007812
0.273438
-0.890625
0.710938
-0.875000
0.539062
0.960938
0.687500
-0.390625
-0.484375
0.375000
-0.828125
0.031250
-0.890625
0.398438
-0.820312
-0.429688
-0.718750
-0.937500
-0.054688
-0.398438
-0.703125
0.125000
0.195312
0.554688
-0.031250
-0.070312
0.054688
0.843750
-0.132812
-0.296875
0.117188
-0.507812
0.007812
0.867188
-0.859375
0.578125
0.500000
0.882812
-0.781250
0.031250
-0.492188
0.125000
-0.101562
-0.789062
0.632812
0.148438
0.890625
-0.140625
0.859375
-0.875000
-0.039062
-0.171875
-0.312500
0.820312
0.367188
-0.687500
0.601562
0.265625
0.109375
0.984375
0.085938
0.820312
0.453125
0.929688
-0.765625
-0.843750
0.921875
0.804688
0.328125
-0.492188
0.320312
-0.226562
0.679688
-0.093750
0.742188
-0.546875
0.789062
-0.140625
-0.773438
-0.351562
0.187500
0.257812
0.031250
-0.507812
0.125000
-0.921875
-0.500000
0.023438
0.523438
0.101562
0.492188
-0.906250
0.835938
0.468750
0.882812
-0.914062
0.867188
-0.531250
0.976562
-0.695312
-0.359375
0.117188
0.054688
0.679688
-0.101562
-0.093750
-0.218750
0.757812
-0.351562
-0.484375
0.640625
-0.968750
-0.796875
-0.750000
-0.234375
0.062500
0.757812
-0.812500
0.406250
-0.171875
0.468750
-0.046875
-0.195312
0.109375
0.484375
-0.437500
0.015625
0.531250
-0.921875
-0.289062
-0.398438
-0.476562
0.539062
0.335938
0.132812
0.906250
0.156250
-0.015625
0.406250
0.757812
0.507812
0.867188
-0.171875
0.414062
0.273438
-0.773438
-0.242188
-0.015625
0.382812
-0.914062
-0.117188
0.257812
0.632812
-0.468750
0.156250
-0.578125
0.859375
-0.000000
-0.398438
-0.960938
-0.367188
-0.953125
0.812500
-0.882812
0.109375
0.164062
0.914062
-0.656250
-0.101562
0.296875
0.507812
-0.218750
-0.156250
-0.632812
-0.429688
0.906250
-0.492188
-0.132812
0.101562
-0.929688
-0.382812
0.117188
-0.062500
-0.664062
0.515625
-0.773438
0.562500
-0.375000
-0.718750
0.687500
-0.148438
