2
0
0
5
40
8
0.031250
-0.507812
-0.515625
-0.617188
-0.812500
-0.414062
-0.179688
0.242188
-0.289062
0.843750
0.351562
-0.328125
0.156250
0.710938
0.929688
-0.421875
-0.460938
-0.273438
-0.656250
-0.437500
0.742188
-0.296875
0.812500
0.640625
-0.718750
-0.671875
-0.851562
-0.171875
-0.789062
0.898438
-0.273438
0.734375
-0.210938
-0.015625
0.585938
-0.593750
-0.312500
0.148438
-0.867188
0.460938
0.968750
0.273438
-0.906250
-0.609375
0.781250
0.812500
-0.914062
-0.093750
0.210938
-0.062500
-0.078125
0.992188
-0.687500
0.156250
-0.046875
-0.367188
0.000000
-0.648438
0.812500
0.554688
-0.968750
0.046875
-0.562500
-0.117188
0.187500
0.062500
-0.000000
0.117188
-0.781250
-0.859375
0.531250
-0.218750
-0.929688
0.171875
0.109375
-0.953125
-0.265625
-0.679688
-0.765625
0.390625
-0.179688
-0.718750
-0.390625
0.453125
0.882812
0.929688
-0.257812
-0.039062
0.570312
-0.515625
0.187500
0.195312
-0.281250
0.179688
0.703125
0.968750
-0.710938
-0.726562
0.031250
0.929688
-0.523438
-0.109375
-0.500000
-0.437500
0.015625
0.640625
-0.562500
0.281250
0.601562
-0.703125
-0.671875
-0.656250
0.414062
0.125000
-0.437500
-0.070312
0.585938
-0.429688
-0.484375
-0.718750
0.703125
0.109375
0.492188
0.070312
-0.390625
0.710938
0.546875
-0.570312
-0.726562
-0.054688
0.765625
-0.523438
-0.578125
-0.726562
0.593750
0.835938
0.429688
0.921875
-0.546875
0.375000
0.445312
-0.953125
-0.242188
-0.101562
-0.046875
0.429688
-0.085938
0.929688
-0.789062
-0.523438
0.375000
0.593750
0.625000
0.031250
-0.625000
0.210938
0.000000
-0.414062
0.281250
-0.867188
-0.132812
-0.906250
-0.914062
0.804688
-0.929688
0.062500
0.851562
-0.929688
0.335938
0.921875
-0.023438
0.531250
-0.835938
0.039062
-0.445312
-0.906250
0.695312
0.367188
0.218750
0.570312
-0.851562
0.726562
0.640625
-0.593750
0.906250
0.125000
-0.390625
0.195312
-0.500000
-0.203125
-0.171875
-0.015625
-0.648438
-0.539062
-0.132812
0.039062
-0.218750
-0.187500
-0.406250
-0.414062
0.148438
0.703125
0.398438
0.296875
0.835938
-0.617188
0.023438
0.281250
0.609375
0.445312
0.976562
-0.648438
0.875000
0.835938
-0.523438
0.765625
0.367188
0.429688
0.796875
0.070312
0.453125
-0.460938
0.343750
-0.054688
-0.593750
0.171875
-0.210938
-0.914062
0.625000
0.234375
-0.382812
0.781250
0.148438
0.671875
-0.867188
0.140625
0.867188
0.703125
-0.070312
0.015625
-0.187500
-0.828125
0.687500
0.593750
0.953125
-0.250000
-0.460938
-0.570312
-0.023438
0.429688
-0.593750
-0.015625
0.609375
-0.460938
-0.843750
-0.101562
0.039062
0.945312
-0.320312
0.484375
-0.640625
-0.023438
0.585938
-0.312500
-0.164062
-0.164062
0.453125
0.179688
-0.523438
0.726562
-0.820312
0.554688
-0.921875
0.921875
0.156250
0.054688
0.546875
-0.171875
-0.210938
-0.875000
-0.382812
0.078125
0.937500
-0.992188
0.023438
0.960938
-0.148438
-0.625000
0.226562
-0.757812
-0.203125
-0.968750
0.414062
0.789062
0.179688
-0.781250
-0.882812
-0.476562
0.507812
-0.632812
0.867188
-0.656250
0.843750
0.296875
-0.273438
-0.101562
0.921875
-0.007812
0.789062
-0.335938
-0.039062
0.835938
-0.203125
0.046875
0.085938
-0.812500
-0.046875
-0.570312
0.390625
-0.078125
0.554688
-0.867188
-0.250000
0.242188
0.093750
0.609375
-0.007812
-0.015625
0.914062
0.382812
-0.468750
0.601562
-0.632812
-0.632812
-0.101562
0.437500
-0.078125
0.804688
-0.906250
-0.304688
0.960938
0.335938
0.078125
0.031250
0.765625
0.726562
-0.101562
-0.140625
-0.140625
-0.507812
-0.359375
0.601562
0.578125
-0.578125
0.625000
-0.226562
0.171875
0.656250
0.140625
0.492188
-0.531250
0.359375
0.820312
0.656250
0.062500
0.242188
0.195312
0.789062
0.390625
0.234375
0.945312
-0.695312
-0.125000
0.460938
-0.718750
0.437500
0.851562
-0.632812
-0.531250
-0.570312
-0.367188
-0.132812
-0.914062
0.015625
0.523438
0.617188
0.085938
0.921875
0.601562
0.335938
0.921875
0.335938
0.710938
0.335938
0.750000
0.265625
-0.593750
-0.531250
0.585938
0.429688
0.500000
-0.203125
-0.531250
-0.929688
0.984375
-0.539062
-0.640625
-0.765625
-0.328125
0.554688
0.570312
-0.390625
0.742188
0.906250
0.859375
-0.250000
-0.375000
-0.320312
-0.812500
0.570312
-0.710938
0.984375
-0.070312
-0.578125
0.906250
0.734375
-0.562500
-0.140625
-0.625000
0.453125
-0.851562
-0.156250
0.281250
-0.828125
-0.187500
-0.484375
-0.531250
0.031250
-0.843750
-0.101562
0.921875
-0.593750
0.914062
-0.437500
-0.890625
-0.085938
-0.195312
0.562500
-0.984375
-0.828125
0.906250
-0.023438
-0.328125
0.156250
-0.953125
0.156250
0.656250
-0.429688
-0.601562
-0.031250
0.289062
0.328125
-0.500000
-0.203125
0.031250
-0.617188
0.789062
0.179688
-0.484375
0.546875
-0.406250
0.359375
-0.539062
-0.382812
0.500000
0.453125
-0.578125
0.296875
0.992188
-0.062500
-0.039062
-0.468750
0.765625
-0.039062
-0.515625
0.343750
0.734375
-0.671875
0.593750
-0.203125
-0.765625
-0.750000
-0.484375
-0.953125
-0.039062
-0.914062
-0.546875
0.453125
0.078125
0.515625
-0.234375
0.421875
-0.015625
-0.703125
0.492188
-0.507812
0.828125
-0.851562
-0.312500
-0.156250
0.390625
-0.218750
-0.789062
-0.781250
-0.820312
0.062500
0.546875
0.007812
0.976562
0.445312
-0.320312
-0.406250
0.210938
-0.296875
-0.132812
0.109375
-0.812500
-0.679688
-0.617188
-0.093750
0.132812
-0.398438
0.929688
-0.500000
0.468750
0.546875
0.882812
-0.492188
-0.546875
0.500000
-0.375000
0.929688
0.554688
0.812500
0.281250
0.101562
0.445312
0.976562
-0.695312
0.195312
0.125000
0.640625
-0.843750
-0.250000
0.367188
0.593750
0.351562
-0.992188
0.226562
0.390625
0.187500
0.460938
0.625000
-0.390625
-0.265625
