2
0
0
5
40
8
-0.539062
0.625000
0.351562
-0.593750
0.226562
0.007812
0.914062
0.187500
0.476562
-0.367188
-0.492188
0.710938
-0.070312
0.953125
0.445312
-0.328125
-0.578125
0.390625
0.359375
0.453125
0.640625
0.953125
0.656250
0.960938
0.812500
-0.960938
-0.781250
0.390625
0.140625
-0.312500
-0.656250
-0.875000
0.484375
-0.304688
0.507812
0.781250
-0.765625
0.117188
-0.421875
0.078125
0.320312
0.664062
-0.750000
0.960938
0.140625
-0.796875
0.015625
-0.406250
-0.093750
0.062500
0.234375
-0.882812
0.445312
0.398438
0.226562
0.562500
0.976562
0.265625
0.585938
-0.640625
-0.125000
0.515625
-0.593750
-0.398438
-0.671875
0.835938
-0.843750
-0.398438
0.539062
-0.828125
0.671875
-0.390625
0.609375
0.570312
-0.679688
-0.601562
-0.531250
0.054688
0.335938
-0.968750
0.015625
0.625000
0.664062
-0.601562
-0.156250
0.390625
-0.203125
0.625000
0.359375
0.265625
0.820312
0.593750
-0.242188
0.039062
0.421875
0.781250
-0.375000
0.117188
-0.375000
-0.500000
-0.992188
0.929688
-0.414062
0.343750
0.945312
-0.109375
-0.210938
0.140625
0.125000
0.164062
0.390625
0.617188
0.562500
-0.406250
-0.937500
-0.226562
0.562500
-0.953125
-0.203125
0.960938
-0.859375
-0.250000
-0.250000
-0.039062
0.937500
-0.648438
-0.406250
-0.195312
0.148438
0.828125
-0.210938
0.156250
-0.460938
-0.398438
0.945312
0.648438
-0.617188
-0.046875
-0.320312
-0.187500
-0.054688
-0.984375
-0.007812
-0.007812
-0.218750
-0.312500
0.468750
-0.578125
0.953125
0.140625
0.460938
-0.835938
0.171875
-0.976562
-0.937500
0.960938
0.734375
0.648438
-0.140625
-0.164062
0.664062
0.039062
-0.062500
0.437500
-0.468750
-0.640625
-0.562500
-0.289062
-0.101562
0.593750
-0.093750
-0.664062
-0.085938
-0.203125
-0.343750
-0.484375
-0.945312
0.093750
-0.562500
0.750000
-0.906250
0.242188
0.960938
-0.820312
-0.625000
0.437500
-0.289062
0.976562
0.140625
-0.570312
0.351562
-0.617188
-0.007812
-0.085938
0.632812
-0.539062
-0.273438
0.671875
0.687500
-0.429688
-0.304688
0.617188
0.726562
-0.679688
0.359375
0.234375
0.796875
0.820312
-0.789062
-0.539062
-0.453125
-0.578125
0.804688
0.437500
0.734375
0.250000
-0.945312
0.000000
-0.296875
-0.156250
0.953125
0.507812
-0.679688
-0.492188
0.960938
-0.929688
0.664062
-0.500000
-0.609375
-0.226562
0.117188
0.984375
0.718750
-0.351562
-0.328125
-0.898438
0.210938
0.468750
0.710938
-0.226562
-0.718750
-0.820312
-0.132812
0.476562
0.062500
-0.585938
-0.140625
0.187500
-0.015625
-0.632812
0.031250
-0.453125
0.734375
-0.976562
-0.398438
0.742188
0.218750
-0.843750
0.609375
0.484375
-0.859375
-0.000000
0.171875
-0.679688
0.398438
-0.421875
0.531250
0.328125
0.859375
-0.375000
-0.062500
-0.570312
-0.109375
0.343750
-0.148438
-0.562500
0.460938
0.906250
-0.328125
-0.921875
-0.039062
0.703125
-0.007812
-0.632812
0.187500
-0.328125
0.585938
0.000000
0.289062
0.742188
0.835938
0.515625
0.015625
-0.773438
-0.320312
-0.156250
-0.234375
-0.382812
-0.585938
0.500000
-0.343750
-0.523438
0.945312
0.843750
-0.234375
0.515625
-0.445312
-0.335938
0.679688
-0.429688
-0.054688
-0.617188
0.718750
-0.890625
0.632812
-0.109375
-0.781250
0.960938
0.593750
-0.234375
0.210938
-0.101562
-0.367188
-0.742188
-0.046875
0.187500
-0.828125
-0.789062
-0.421875
-0.304688
0.164062
-0.648438
0.312500
0.882812
0.023438
0.593750
0.718750
0.976562
0.335938
0.992188
0.070312
-0.515625
-0.117188
-0.015625
0.632812
-0.593750
0.664062
0.250000
0.835938
-0.867188
0.695312
0.421875
0.578125
-0.109375
-0.859375
-0.312500
-0.593750
-0.757812
0.953125
0.093750
0.484375
0.226562
0.132812
0.476562
-0.507812
0.187500
0.976562
0.929688
0.859375
-0.890625
-0.296875
0.335938
0.242188
-0.734375
-0.679688
0.992188
-0.882812
-0.062500
-0.156250
0.328125
-0.359375
-0.304688
0.539062
-0.757812
-0.351562
-0.945312
-0.359375
0.039062
-0.773438
-0.585938
-0.328125
0.507812
0.601562
0.359375
-0.171875
-0.640625
0.632812
-0.312500
0.257812
0.101562
0.218750
-0.570312
0.296875
-0.078125
-0.343750
0.125000
0.898438
0.039062
-0.781250
-0.476562
0.578125
0.562500
-0.984375
0.195312
-0.820312
0.429688
-0.031250
-0.304688
0.195312
-0.234375
0.593750
-0.773438
-0.554688
-0.546875
-0.500000
-0.554688
-0.882812
-0.164062
0.484375
-0.664062
-0.703125
-0.906250
0.898438
-0.078125
-0.039062
0.070312
-0.015625
0.156250
-0.117188
-0.281250
-0.031250
-0.070312
0.437500
0.921875
-0.500000
0.125000
0.781250
0.890625
-0.570312
-0.156250
0.617188
0.234375
0.687500
0.515625
-0.757812
0.156250
0.195312
-0.164062
0.695312
0.367188
-0.570312
0.070312
-0.000000
0.882812
-0.578125
0.125000
0.578125
-0.398438
-0.851562
-0.703125
-0.171875
-0.382812
-0.078125
-0.929688
-0.734375
0.570312
0.421875
0.757812
-0.015625
-0.578125
0.921875
0.304688
-0.734375
0.398438
-0.656250
-0.664062
0.320312
0.882812
-0.484375
0.804688
0.492188
-0.125000
0.921875
0.125000
0.898438
0.671875
0.234375
0.281250
0.531250
0.328125
-0.750000
0.515625
0.781250
-0.398438
-0.132812
0.335938
-0.468750
-0.828125
0.906250
0.664062
-0.796875
0.242188
-0.140625
0.859375
0.320312
0.179688
0.531250
0.656250
0.742188
-0.945312
-0.484375
0.851562
0.242188
-0.054688
-0.460938
0.406250
-0.164062
-0.445312
0.656250
-0.914062
-0.187500
-0.867188
-0.640625
-0.484375
-0.507812
0.984375
0.898438
0.398438
-0.625000
0.460938
0.046875
0.265625
0.750000
0.875000
0.531250
0.570312
-0.421875
-0.421875
0.640625
-0.414062
-0.453125
-0.375000
-0.343750
-0.937500
0.664062
0.507812
-0.312500
-0.296875
-0.906250
-0.218750
-0.007812
0.539062
0.078125
-0.757812
0.304688
