2
0
0
5
40
8
0.414062
0.921875
-0.625000
-0.781250
0.085938
0.093750
-0.984375
-0.242188
-0.750000
0.007812
-0.234375
-0.343750
0.500000
-0.218750
-0.359375
-0.062500
0.093750
-0.804688
-0.312500
-0.070312
-0.789062
0.554688
-0.984375
-0.304688
0.281250
0.328125
-0.492188
-0.421875
-0.406250
-0.820312
-0.109375
0.757812
-0.929688
0.437500
0.140625
-0.187500
0.750000
-0.570312
-0.179688
0.742188
0.148438
-0.914062
0.531250
0.453125
0.937500
0.335938
-0.625000
0.750000
-0.835938
0.398438
-0.992188
0.867188
0.265625
-0.742188
0.195312
-0.109375
-0.593750
0.117188
-0.609375
-0.750000
-0.140625
-0.539062
-0.359375
0.421875
0.812500
0.789062
-0.679688
-0.171875
0.195312
-0.804688
-0.632812
0.320312
-0.359375
0.023438
-0.046875
-0.468750
0.671875
-0.132812
0.789062
-0.601562
0.242188
-0.171875
0.085938
0.445312
0.085938
0.531250
0.125000
0.406250
-0.726562
-0.406250
-0.375000
0.812500
-0.804688
0.343750
-0.851562
-0.257812
-0.460938
0.484375
-0.039062
-0.968750
-0.726562
-0.093750
-0.914062
0.562500
-0.328125
0.664062
0.796875
-0.593750
-0.171875
0.367188
0.273438
-0.781250
-0.460938
0.882812
-0.937500
0.500000
0.906250
0.523438
0.695312
-0.210938
0.781250
-0.195312
-0.007812
-0.015625
-0.179688
-0.578125
0.304688
-0.968750
-0.445312
0.406250
-0.679688
-0.085938
-0.117188
-0.507812
-0.664062
0.718750
-0.773438
-0.375000
-0.890625
-0.523438
-0.171875
-0.257812
-0.937500
-0.375000
0.257812
-0.429688
-0.023438
0.140625
-0.218750
-0.437500
0.335938
0.539062
0.203125
0.351562
0.726562
-0.906250
0.382812
-0.867188
-0.562500
-0.851562
-0.132812
0.968750
0.140625
0.187500
0.195312
0.210938
0.750000
-0.367188
-0.617188
-0.617188
-0.203125
-0.109375
0.328125
0.234375
0.953125
0.695312
0.992188
-0.765625
-0.335938
0.976562
0.234375
0.179688
0.945312
0.671875
-0.601562
-0.125000
-0.781250
-0.437500
0.187500
-0.984375
0.062500
-0.015625
0.898438
-0.101562
-0.078125
0.742188
-0.718750
-0.078125
0.671875
0.468750
0.484375
-0.570312
-0.882812
0.531250
-0.460938
-0.257812
-0.968750
0.648438
0.585938
0.304688
0.343750
0.257812
-0.375000
0.695312
0.851562
-0.585938
0.140625
-0.250000
-0.562500
-0.156250
-0.414062
-0.710938
-0.296875
-0.968750
-0.632812
-0.125000
0.593750
-0.507812
-0.046875
-0.281250
0.164062
0.414062
0.789062
-0.929688
0.523438
0.070312
-0.648438
0.046875
-0.164062
-0.343750
-0.171875
-0.953125
0.882812
0.687500
0.328125
0.179688
-0.148438
-0.570312
0.375000
0.437500
-0.164062
0.687500
0.921875
-0.984375
-0.640625
-0.984375
-0.398438
-0.640625
-0.757812
-0.234375
0.296875
0.257812
0.265625
0.445312
0.781250
-0.906250
-0.031250
-0.976562
-0.437500
-0.921875
-0.703125
-0.773438
0.421875
0.351562
0.132812
-0.960938
-0.242188
-0.875000
0.132812
-0.382812
0.875000
-0.968750
-0.304688
-0.046875
0.343750
-0.500000
0.609375
0.085938
0.382812
-0.250000
-0.117188
-0.609375
-0.968750
-0.148438
0.609375
0.750000
-0.828125
0.546875
-0.507812
-0.789062
0.726562
0.359375
0.726562
0.781250
0.085938
0.656250
0.359375
0.085938
0.992188
0.500000
-0.093750
-0.593750
0.875000
-0.718750
-0.289062
0.507812
-0.539062
0.914062
-0.898438
-0.968750
0.531250
0.804688
0.382812
-0.781250
0.781250
0.109375
-0.304688
0.250000
-0.921875
-0.648438
0.476562
-0.414062
-0.656250
0.273438
0.632812
0.804688
0.781250
-0.585938
-0.687500
-0.515625
-0.351562
-0.812500
-0.343750
-0.687500
0.554688
0.148438
0.437500
-0.007812
-0.890625
0.835938
0.414062
-0.273438
-0.171875
0.171875
-0.359375
-0.718750
-0.898438
0.531250
-0.609375
0.703125
-0.046875
-0.703125
0.960938
-0.773438
-0.882812
0.460938
0.156250
-0.664062
0.125000
-0.796875
-0.789062
-0.156250
-0.437500
-0.671875
0.007812
0.078125
0.140625
-0.781250
-0.406250
-0.398438
0.710938
-0.351562
-0.671875
-0.273438
0.726562
-0.914062
-0.210938
0.445312
-0.218750
0.914062
0.945312
-0.585938
0.632812
-0.710938
-0.039062
0.335938
0.859375
0.882812
0.625000
0.171875
0.460938
0.859375
0.859375
-0.820312
0.890625
-0.234375
-0.101562
-0.304688
-0.234375
-0.898438
0.578125
0.218750
0.398438
-0.609375
-0.531250
-0.367188
0.078125
-0.062500
-0.187500
0.835938
0.382812
0.250000
0.843750
-0.609375
-0.414062
0.281250
0.093750
0.101562
-0.617188
-0.453125
0.195312
0.414062
-0.773438
0.031250
-0.000000
0.812500
-0.656250
-0.070312
0.289062
-0.289062
-0.203125
0.164062
-0.328125
0.023438
0.726562
-0.117188
-0.265625
0.546875
0.687500
0.554688
0.265625
0.820312
0.429688
0.335938
0.601562
0.890625
0.437500
0.585938
-0.789062
-0.734375
-0.429688
0.937500
0.804688
0.101562
-0.546875
0.281250
0.757812
0.304688
0.750000
0.671875
0.195312
-0.875000
-0.132812
-0.234375
0.914062
0.000000
0.414062
0.242188
0.117188
-0.921875
-0.906250
-0.218750
0.648438
-0.132812
-0.968750
0.460938
-0.382812
0.289062
0.906250
-0.593750
-0.992188
0.070312
-0.914062
0.351562
0.242188
-0.562500
-0.906250
-0.726562
-0.257812
-0.007812
-0.703125
-0.343750
0.578125
0.578125
-0.867188
-0.281250
0.242188
-0.617188
-0.328125
-0.648438
-0.523438
-0.718750
-0.648438
-0.164062
0.843750
0.484375
-0.414062
-0.242188
0.484375
-0.804688
-0.187500
0.226562
-0.210938
-0.453125
-0.796875
0.648438
0.609375
0.218750
0.617188
0.593750
-0.046875
-0.781250
-0.773438
-0.843750
0.101562
0.828125
-0.164062
0.460938
0.359375
-0.039062
-0.476562
-0.375000
0.093750
0.007812
0.921875
-0.414062
-0.421875
-0.148438
-0.101562
-0.515625
-0.453125
0.664062
-0.304688
0.398438
0.164062
-0.187500
0.062500
0.750000
0.023438
0.703125
0.570312
0.570312
0.296875
0.750000
0.210938
