2
0
0
5
40
8
-0.328125
0.000000
-0.507812
0.984375
-0.250000
0.570312
-0.976562
-0.335938
0.390625
-0.046875
0.898438
0.156250
-0.429688
-0.921875
0.601562
-0.234375
-0.882812
-0.500000
-0.359375
-0.789062
0.578125
0.609375
-0.234375
-0.640625
-0.531250
0.539062
-0.507812
-0.398438
-0.890625
-0.226562
0.812500
0.937500
-0.179688
-0.195312
-0.843750
0.968750
-0.476562
-0.078125
-0.421875
-0.085938
0.218750
-0.046875
0.312500
0.375000
0.507812
-0.671875
-0.046875
-0.000000
-0.234375
0.804688
-0.750000
0.078125
-0.531250
0.765625
-0.070312
-0.039062
0.492188
-0.390625
-0.523438
0.789062
0.734375
0.343750
0.046875
-0.406250
0.390625
-0.531250
-0.312500
-0.648438
-0.203125
-0.640625
0.187500
0.273438
0.179688
-0.742188
0.921875
-0.140625
0.609375
-0.781250
0.757812
0.617188
-0.757812
-0.632812
-0.875000
-0.273438
-0.429688
0.687500
0.843750
-0.718750
-0.664062
0.710938
-0.453125
-0.210938
0.546875
0.960938
0.156250
-0.375000
0.335938
0.445312
0.429688
-0.125000
-0.820312
0.992188
0.109375
-0.289062
0.578125
-0.265625
0.242188
-0.804688
-0.812500
-0.148438
0.625000
-0.718750
-0.554688
-0.726562
0.843750
-0.257812
-0.437500
0.210938
-0.062500
-0.132812
-0.796875
0.960938
0.812500
0.859375
-0.390625
-0.335938
-0.960938
-0.773438
-0.179688
0.468750
0.414062
0.812500
0.265625
-0.781250
-0.476562
0.414062
0.789062
0.781250
-0.765625
0.796875
-0.625000
-0.500000
-0.710938
-0.164062
0.062500
-0.148438
0.179688
0.523438
-0.812500
0.976562
-0.875000
-0.218750
0.140625
-0.882812
-0.687500
0.140625
0.554688
0.054688
0.843750
-0.476562
0.093750
-0.078125
-0.210938
-0.078125
0.500000
-0.031250
0.437500
0.593750
-0.203125
0.742188
-0.031250
0.148438
-0.562500
-0.335938
0.320312
0.578125
-0.148438
-0.046875
-0.585938
-0.179688
-0.179688
-0.671875
0.648438
0.515625
0.320312
-0.062500
-0.390625
-0.570312
0.632812
0.984375
0.617188
0.867188
0.851562
0.945312
-0.445312
0.921875
0.359375
0.468750
-0.281250
0.554688
-0.320312
-0.351562
-0.343750
-0.218750
-0.789062
-0.906250
-0.703125
-0.828125
-0.476562
0.562500
-0.312500
0.179688
-0.476562
-0.007812
-0.000000
0.289062
-0.632812
0.312500
0.023438
0.351562
0.195312
-0.000000
0.046875
0.914062
-0.062500
0.000000
0.500000
-0.625000
-0.070312
0.000000
-0.562500
0.312500
0.703125
0.601562
0.421875
0.429688
0.601562
0.367188
-0.226562
0.554688
0.468750
-0.664062
-0.781250
0.265625
0.070312
0.062500
-0.500000
-0.640625
0.515625
0.710938
-0.429688
-0.140625
-0.179688
0.015625
0.343750
-0.421875
-0.468750
-0.742188
-0.804688
0.093750
-0.203125
-0.804688
0.765625
-0.796875
-0.820312
-0.476562
0.773438
-0.460938
-0.382812
0.625000
0.828125
0.468750
-0.296875
-0.406250
0.742188
0.242188
-0.898438
0.492188
0.226562
-0.187500
-0.953125
0.445312
0.085938
0.007812
-0.039062
-0.546875
-0.687500
0.023438
0.937500
-0.445312
0.140625
0.546875
-0.281250
0.906250
0.296875
0.609375
0.000000
0.320312
0.679688
0.460938
-0.640625
0.023438
-0.554688
-0.187500
-0.460938
0.976562
0.445312
0.140625
-0.304688
0.515625
0.406250
0.093750
0.117188
0.835938
0.296875
0.671875
-0.773438
0.953125
-0.242188
0.679688
0.476562
0.679688
-0.218750
0.882812
-0.085938
-0.687500
0.453125
-0.468750
-0.046875
0.375000
0.843750
-0.500000
-0.203125
0.851562
-0.796875
0.734375
-0.742188
0.429688
-0.390625
-0.453125
0.960938
-0.382812
0.523438
0.210938
-0.593750
0.867188
-0.726562
-0.578125
-0.367188
0.382812
0.210938
-0.859375
-0.320312
0.515625
-0.773438
0.664062
-0.867188
-0.734375
-0.445312
-0.187500
-0.093750
0.312500
-0.773438
0.789062
-0.648438
0.968750
-0.718750
-0.687500
-0.296875
0.187500
-0.398438
-0.585938
-0.445312
0.414062
-0.726562
0.328125
-0.281250
-0.929688
-0.867188
0.953125
0.289062
0.328125
-0.250000
-0.890625
0.351562
-0.984375
-0.484375
0.304688
-0.476562
0.218750
0.671875
0.773438
0.664062
-0.000000
-0.375000
-0.710938
-0.664062
-0.960938
0.062500
-0.609375
0.437500
-0.046875
0.421875
0.648438
0.703125
0.585938
0.093750
-0.976562
0.242188
-0.617188
-0.507812
-0.367188
0.718750
0.109375
0.789062
-0.546875
-0.757812
0.320312
0.859375
0.953125
0.585938
0.445312
-0.835938
0.140625
-0.835938
-0.578125
-0.250000
0.273438
-0.304688
0.960938
0.421875
0.820312
0.781250
0.796875
-0.281250
0.695312
0.085938
-0.445312
-0.921875
-0.500000
0.179688
0.468750
0.953125
-0.640625
0.101562
-0.781250
-0.851562
0.085938
0.648438
-0.203125
0.625000
-0.835938
-0.718750
-0.492188
0.039062
0.968750
0.257812
0.195312
0.781250
-0.804688
-0.429688
-0.617188
0.007812
-0.773438
-0.445312
-0.906250
-0.125000
-0.164062
-0.867188
0.507812
-0.429688
-0.554688
0.046875
0.843750
0.531250
-0.234375
0.539062
0.976562
0.484375
0.671875
0.546875
0.632812
0.226562
0.335938
0.804688
0.617188
-0.500000
0.945312
-0.117188
0.914062
0.210938
-0.281250
-0.117188
0.625000
0.429688
-0.070312
0.476562
0.031250
-0.109375
-0.585938
0.640625
0.515625
0.664062
-0.351562
0.320312
-0.039062
0.078125
-0.367188
-0.281250
-0.085938
0.882812
0.773438
-0.640625
0.726562
0.867188
0.359375
0.851562
0.078125
-0.070312
0.921875
0.796875
0.140625
0.015625
0.546875
0.085938
0.812500
0.617188
0.554688
-0.820312
0.703125
-0.726562
0.218750
0.796875
0.929688
0.234375
-0.921875
0.070312
-0.460938
0.750000
-0.890625
-0.289062
-0.812500
-0.562500
-0.953125
0.289062
0.703125
-0.562500
-0.984375
-0.210938
-0.828125
0.632812
-0.500000
0.835938
-0.320312
0.023438
0.000000
-0.125000
0.656250
-0.617188
-0.632812
0.148438
0.531250
0.242188
-0.687500
-0.945312
