2
0
0
5
40
8
0.718750
0.539062
-0.531250
0.351562
0.281250
0.476562
0.281250
-0.695312
-0.898438
0.085938
0.328125
-0.757812
-0.609375
0.742188
-0.031250
0.023438
0.960938
-0.539062
0.320312
0.617188
-0.835938
0.851562
-0.820312
-0.343750
0.726562
-0.085938
-0.414062
-0.210938
-0.093750
-0.054688
0.531250
-0.273438
0.789062
-0.671875
0.929688
-0.382812
0.843750
0.234375
0.437500
0.296875
-0.281250
-0.343750
-0.992188
-0.539062
0.757812
0.062500
0.921875
0.500000
0.593750
-0.000000
-0.242188
0.796875
-0.507812
0.398438
0.875000
0.812500
-0.117188
-0.585938
-0.070312
-0.851562
-0.757812
-0.296875
-0.585938
0.445312
-0.914062
0.093750
-0.335938
-0.609375
0.781250
-0.359375
0.382812
-0.093750
0.703125
0.250000
0.789062
-0.203125
0.890625
-0.171875
0.343750
-0.250000
0.789062
-0.531250
-0.789062
-0.125000
0.546875
0.507812
0.789062
-0.281250
0.671875
0.585938
0.007812
0.765625
-0.960938
-0.726562
0.015625
-0.953125
-0.820312
-0.070312
-0.414062
0.734375
0.304688
-0.843750
-0.625000
-0.250000
0.554688
0.500000
-0.257812
0.273438
-0.867188
0.820312
0.406250
-0.273438
-0.351562
0.578125
0.367188
-0.398438
0.078125
-0.671875
-0.335938
0.054688
0.960938
0.539062
-0.617188
0.367188
0.335938
0.789062
-0.351562
-0.539062
0.945312
-0.632812
0.648438
-0.515625
-0.289062
0.125000
-0.265625
-0.593750
-0.468750
-0.429688
0.343750
0.093750
-0.789062
-0.742188
0.453125
0.062500
0.101562
0.156250
0.390625
0.671875
-0.085938
-0.492188
-0.382812
0.062500
0.437500
0.828125
0.085938
0.281250
-0.781250
-0.570312
0.164062
-0.921875
-0.179688
0.296875
0.578125
0.039062
0.546875
-0.195312
-0.046875
0.796875
0.546875
-0.976562
-0.250000
-0.601562
0.531250
0.367188
0.343750
-0.117188
0.757812
0.945312
0.968750
-0.117188
-0.125000
0.687500
0.929688
0.898438
0.992188
-0.500000
-0.445312
-0.953125
-0.312500
0.343750
-0.687500
0.953125
0.351562
-0.859375
0.960938
-0.460938
-0.335938
-0.335938
-0.156250
-0.757812
-0.835938
0.945312
-0.203125
0.359375
0.015625
-0.359375
-0.781250
-0.539062
-0.953125
0.203125
-0.648438
0.523438
-0.039062
-0.562500
-0.226562
-0.484375
-0.859375
0.968750
0.437500
0.656250
0.664062
0.500000
0.281250
-0.203125
-0.914062
0.984375
-0.632812
-0.257812
0.109375
0.398438
-0.804688
-0.445312
0.492188
-0.453125
0.078125
0.406250
-0.218750
0.671875
-0.031250
-0.507812
0.156250
0.312500
0.085938
-0.968750
0.781250
-0.843750
0.164062
0.601562
0.843750
0.992188
0.093750
0.195312
-0.765625
-0.117188
-0.210938
0.859375
-0.937500
0.460938
0.742188
0.484375
0.140625
0.226562
0.445312
0.195312
0.171875
0.875000
0.835938
0.406250
-0.492188
0.179688
0.835938
0.078125
0.453125
-0.882812
-0.765625
-0.835938
0.312500
-0.835938
-0.414062
0.617188
-0.281250
0.054688
-0.484375
0.664062
0.062500
0.093750
-0.671875
0.796875
-0.921875
0.914062
0.101562
0.890625
0.250000
-0.906250
-0.523438
-0.101562
0.843750
-0.968750
0.437500
-0.085938
-0.343750
-0.570312
0.632812
0.328125
0.914062
-0.265625
-0.132812
0.945312
-0.804688
-0.984375
-0.687500
0.929688
0.468750
0.453125
0.890625
-0.898438
0.210938
0.210938
-0.703125
-0.718750
-0.476562
-0.828125
-0.054688
0.539062
-0.531250
0.710938
0.835938
-0.921875
-0.640625
-0.406250
0.679688
0.398438
-0.507812
0.070312
0.335938
0.046875
-0.125000
0.710938
0.406250
-0.757812
0.039062
0.171875
-0.445312
-0.984375
-0.656250
-0.531250
-0.414062
0.539062
-0.226562
0.343750
-0.468750
0.523438
0.367188
-0.320312
0.234375
0.562500
0.664062
-0.867188
-0.460938
0.992188
0.523438
0.179688
-0.046875
-0.539062
-0.492188
-0.671875
-0.562500
-0.132812
-0.109375
0.734375
0.734375
-0.132812
0.882812
0.242188
0.312500
0.195312
-0.296875
-0.796875
-0.101562
-0.093750
-0.664062
0.773438
-0.765625
0.187500
-0.406250
-0.898438
-0.257812
0.203125
-0.648438
0.265625
0.132812
0.187500
-0.390625
-0.171875
-0.859375
0.984375
-0.039062
-0.890625
0.671875
0.750000
0.187500
-0.781250
0.367188
0.320312
0.093750
0.070312
0.460938
-0.273438
0.476562
-0.085938
0.937500
0.125000
0.625000
0.210938
-0.296875
-0.976562
0.171875
-0.593750
-0.890625
-0.914062
-0.664062
0.062500
-0.960938
-0.515625
-0.921875
-0.593750
0.804688
0.820312
-0.226562
0.453125
-0.671875
0.218750
-0.523438
0.562500
-0.242188
-0.554688
0.617188
0.414062
-0.109375
0.445312
-0.296875
-0.625000
0.210938
0.164062
-0.914062
0.000000
0.960938
-0.640625
-0.367188
-0.148438
-0.109375
-0.960938
-0.750000
0.406250
-0.007812
-0.132812
-0.703125
0.789062
-0.687500
0.968750
0.281250
0.804688
0.906250
0.960938
0.921875
0.031250
-0.648438
-0.570312
-0.710938
0.523438
-0.687500
-0.859375
0.390625
-0.953125
-0.812500
-0.507812
0.593750
0.953125
0.718750
0.125000
-0.031250
0.531250
0.921875
0.859375
0.507812
0.281250
0.617188
-0.265625
0.515625
-0.140625
-0.828125
0.601562
-0.234375
0.812500
0.953125
-0.718750
-0.250000
-0.500000
0.898438
-0.093750
-0.984375
-0.671875
0.289062
-0.070312
0.687500
-0.453125
0.523438
-0.796875
-0.289062
0.960938
-0.382812
0.593750
-0.710938
-0.015625
0.250000
-0.070312
0.164062
-0.250000
0.992188
-0.265625
0.476562
0.304688
0.109375
-0.007812
0.195312
0.664062
-0.320312
0.406250
-0.132812
0.078125
0.132812
-0.687500
0.265625
0.820312
-0.968750
-0.000000
0.265625
0.179688
0.468750
0.046875
-0.171875
-0.117188
-0.015625
0.539062
-0.500000
0.218750
0.320312
-0.023438
-0.250000
0.351562
-0.851562
0.265625
0.570312
0.890625
-0.125000
0.734375
0.742188
0.171875
0.781250
0.453125
-0.335938
-0.242188
-0.492188
-0.960938
0.484375
