2
0
0
18
40
8
-0.085938
-0.875000
-0.101562
-0.968750
-0.054688
-0.742188
-0.359375
0.781250
-0.648438
-0.796875
-0.062500
0.070312
-0.843750
-0.710938
0.289062
0.406250
0.648438
-0.265625
0.710938
0.234375
0.843750
-0.625000
-0.273438
-0.671875
0.968750
-0.148438
0.453125
0.835938
0.367188
-0.578125
0.210938
0.164062
-0.546875
-0.093750
0.867188
-0.507812
-0.828125
0.234375
-0.531250
-0.742188
-0.289062
-0.062500
-0.632812
-0.414062
0.914062
-0.148438
0.617188
-0.195312
-0.625000
-0.828125
0.625000
0.492188
-0.507812
0.742188
0.421875
0.812500
0.085938
-0.687500
0.851562
0.984375
0.906250
0.421875
-0.515625
0.000000
0.992188
-0.312500
-0.617188
0.492188
-0.031250
-0.835938
-0.070312
0.992188
0.843750
0.976562
-0.843750
0.945312
-0.578125
-0.453125
-0.328125
0.421875
-0.593750
0.476562
-0.890625
-0.179688
0.492188
-0.664062
0.656250
0.070312
0.687500
-0.382812
0.796875
0.679688
-0.937500
0.437500
-0.156250
-0.218750
0.976562
-0.085938
-0.632812
-0.062500
0.335938
0.867188
0.906250
-0.257812
0.820312
-0.750000
0.617188
-0.296875
-0.570312
0.875000
0.664062
-0.468750
0.476562
0.000000
-0.328125
0.406250
0.640625
-0.171875
0.820312
-0.601562
-0.625000
0.750000
0.132812
0.187500
-0.148438
-0.656250
-0.421875
-0.859375
-0.890625
0.968750
-0.773438
-0.101562
0.203125
0.429688
0.828125
0.906250
-0.773438
-0.414062
-0.296875
-0.445312
0.859375
-0.898438
0.101562
0.078125
-0.554688
0.281250
-0.085938
0.164062
-0.875000
-0.664062
-0.335938
0.007812
-0.609375
0.078125
0.132812
-0.984375
0.656250
-0.171875
-0.023438
-0.460938
-0.789062
-0.671875
0.539062
-0.687500
-0.164062
-0.007812
-0.492188
0.687500
0.335938
-0.015625
-0.015625
0.515625
0.578125
-0.929688
0.601562
0.257812
0.828125
0.546875
0.046875
-0.109375
0.375000
-0.093750
0.679688
0.398438
0.210938
0.320312
-0.445312
-0.382812
0.578125
-0.687500
0.671875
-0.171875
-0.742188
-0.851562
-0.640625
-0.539062
0.593750
0.187500
0.890625
-0.500000
-0.593750
-0.882812
-0.960938
0.789062
-0.062500
-0.023438
-0.156250
-0.453125
0.718750
-0.468750
-0.437500
0.960938
-0.648438
-0.507812
-0.421875
0.695312
-0.109375
-0.148438
0.320312
-0.695312
0.484375
0.906250
-0.304688
-0.585938
0.445312
0.218750
0.312500
0.085938
0.140625
0.789062
0.429688
0.156250
-0.000000
0.656250
0.609375
-0.195312
0.359375
0.523438
0.875000
0.289062
-0.828125
0.742188
0.835938
0.890625
-0.250000
-0.226562
0.890625
-0.453125
0.359375
0.921875
-0.171875
-0.421875
-0.359375
0.273438
0.539062
-0.234375
-0.820312
-0.601562
0.773438
0.679688
-0.023438
-0.796875
0.125000
-0.804688
-0.859375
0.140625
0.304688
0.476562
0.320312
0.500000
0.773438
0.515625
0.171875
0.585938
-0.296875
0.593750
-0.875000
0.234375
-0.226562
0.257812
-0.921875
-0.828125
-0.593750
-0.218750
-0.703125
-0.531250
-0.664062
-0.148438
0.242188
0.992188
-0.515625
-0.765625
0.312500
0.335938
-0.382812
-0.843750
-0.468750
-0.742188
0.296875
0.898438
-0.085938
-0.625000
0.890625
-0.375000
-0.273438
-0.640625
-0.242188
-0.609375
0.257812
0.203125
0.218750
0.289062
-0.796875
0.140625
0.210938
-0.765625
-0.671875
-0.921875
0.742188
0.046875
0.929688
0.515625
-0.632812
-0.000000
-0.929688
0.820312
-0.085938
-0.429688
0.664062
-0.523438
-0.773438
-0.218750
0.289062
-0.343750
0.523438
-0.570312
0.515625
-0.531250
0.273438
0.968750
0.062500
-0.648438
0.242188
-0.500000
-0.007812
0.015625
0.906250
0.062500
-0.210938
0.843750
0.312500
0.734375
-0.617188
0.750000
0.640625
-0.484375
0.765625
-0.984375
0.507812
0.648438
-0.328125
-0.101562
-0.421875
-0.937500
-0.726562
-0.281250
-0.687500
-0.312500
-0.703125
-0.906250
0.421875
-0.531250
-0.093750
0.789062
0.203125
-0.351562
0.242188
0.187500
-0.414062
-0.765625
0.773438
0.640625
0.648438
-0.390625
0.515625
-0.718750
-0.429688
-0.632812
0.156250
-0.281250
-0.812500
-0.632812
0.398438
0.257812
-0.765625
0.367188
0.554688
0.054688
-0.171875
0.140625
-0.617188
-0.875000
-0.390625
-0.164062
0.898438
0.789062
0.718750
-0.437500
-0.898438
-0.187500
-0.171875
-0.851562
0.929688
0.789062
0.023438
-0.023438
0.101562
0.531250
-0.023438
0.546875
-0.789062
0.367188
0.828125
0.070312
-0.515625
0.265625
-0.125000
0.507812
0.750000
0.046875
-0.210938
0.976562
0.820312
-0.382812
0.273438
-0.070312
0.789062
-0.625000
-0.156250
-0.085938
0.085938
-0.664062
-0.179688
-0.046875
0.726562
-0.632812
-0.195312
0.359375
0.828125
-0.914062
-0.125000
-0.898438
-0.257812
-0.656250
-0.468750
-0.937500
0.968750
-0.703125
-0.062500
-0.851562
0.734375
0.914062
-0.421875
0.476562
-0.531250
-0.906250
-0.875000
0.968750
0.062500
-0.320312
0.601562
0.210938
0.695312
0.867188
0.632812
0.140625
-0.476562
-0.765625
0.796875
-0.429688
0.132812
-0.390625
0.312500
0.750000
-0.437500
0.617188
0.414062
0.773438
0.703125
-0.757812
0.695312
0.585938
-0.609375
-0.085938
0.625000
0.718750
0.234375
-0.539062
-0.492188
0.640625
0.875000
-0.148438
-0.046875
0.601562
-0.703125
-0.414062
0.257812
-0.304688
0.148438
0.570312
0.914062
0.546875
-0.992188
0.132812
-0.734375
0.890625
-0.656250
0.078125
-0.882812
-0.593750
0.335938
0.710938
-0.109375
-0.523438
0.273438
-0.164062
-0.835938
-0.765625
-0.218750
-0.460938
-0.328125
0.843750
0.640625
-0.828125
-0.570312
-0.765625
-0.984375
0.953125
-0.718750
0.273438
-0.085938
0.046875
-0.796875
-0.382812
0.828125
0.234375
-0.445312
0.617188
0.492188
-0.593750
-0.406250
0.242188
-0.093750
-0.257812
0.570312
-0.312500
0.304688
-0.992188
0.929688
-0.296875
0.109375
0.117188
0.765625
0.531250
-0.546875
-0.500000
-0.960938
-0.304688
-0.765625
-0.625000
-0.867188
-0.406250
0.898438
-0.960938
0.718750
0.812500
0.195312
-0.023438
-0.218750
0.125000
0.375000
0.601562
0.070312
0.289062
-0.671875
0.085938
0.710938
-0.968750
-0.781250
-0.351562
0.382812
0.429688
0.328125
-0.601562
-0.992188
-0.226562
-0.656250
0.578125
-0.054688
-0.539062
0.882812
-0.867188
-0.664062
-0.640625
-0.390625
0.117188
-0.546875
0.843750
-0.281250
-0.523438
-0.351562
-0.453125
-0.343750
0.687500
-0.664062
0.773438
-0.062500
-0.421875
0.992188
0.960938
0.507812
-0.875000
0.859375
-0.226562
0.367188
0.367188
-0.335938
-0.484375
-0.507812
-0.312500
-0.507812
0.898438
-0.515625
0.500000
0.585938
-0.140625
-0.593750
-0.101562
-0.335938
0.007812
0.351562
0.375000
-0.585938
0.328125
0.500000
0.289062
0.726562
-0.390625
-0.601562
0.312500
-0.335938
0.531250
0.625000
0.843750
-0.617188
-0.750000
-0.414062
-0.804688
-0.367188
0.437500
-0.632812
0.570312
0.765625
-0.578125
0.953125
0.742188
0.289062
-0.101562
0.062500
0.445312
0.437500
0.187500
0.507812
-0.554688
0.945312
0.843750
0.125000
-0.625000
-0.578125
0.062500
0.250000
0.820312
-0.593750
0.031250
-0.070312
0.984375
0.671875
-0.093750
-0.625000
0.960938
-0.875000
0.156250
-0.484375
-0.179688
0.429688
-0.710938
-0.078125
0.875000
0.875000
-0.437500
-0.101562
0.007812
0.031250
0.929688
-0.765625
0.617188
-0.703125
0.367188
0.890625
-0.312500
0.421875
-0.656250
0.359375
0.062500
0.171875
0.367188
-0.234375
-0.875000
0.343750
-0.531250
0.437500
0.289062
-0.453125
-0.570312
0.625000
-0.546875
-0.125000
0.085938
0.398438
-0.312500
-0.703125
0.890625
0.406250
-0.007812
-0.250000
0.531250
-0.335938
0.562500
0.601562
0.328125
0.171875
-0.804688
0.679688
0.375000
-0.453125
-0.765625
-0.421875
-0.218750
-0.929688
0.031250
0.039062
-0.843750
0.359375
-0.351562
-0.484375
-0.351562
-0.203125
0.398438
0.382812
0.906250
-0.296875
-0.546875
0.125000
-0.953125
0.390625
-0.656250
-0.265625
-0.148438
0.148438
-0.921875
-0.937500
0.445312
0.117188
0.109375
0.406250
0.867188
-0.898438
-0.835938
0.281250
0.195312
-0.593750
-0.617188
0.312500
0.734375
-0.171875
0.273438
-0.820312
-0.593750
0.906250
-0.523438
-0.304688
0.640625
-0.898438
-0.382812
-0.476562
0.843750
-0.867188
0.593750
0.703125
0.460938
0.906250
0.671875
-0.656250
-0.835938
-0.507812
0.617188
0.757812
0.664062
0.765625
0.539062
0.265625
-0.890625
0.757812
-0.015625
-0.890625
-0.398438
-0.492188
-0.937500
-0.960938
0.687500
0.546875
0.984375
-0.046875
0.570312
-0.351562
0.218750
-0.218750
0.015625
-0.789062
-0.429688
-0.421875
-0.687500
-0.796875
0.382812
-0.234375
0.289062
-0.546875
-0.257812
0.742188
-0.375000
-0.093750
-0.656250
-0.117188
0.718750
-0.187500
-0.039062
-0.265625
-0.359375
-0.906250
0.648438
0.171875
-0.546875
-0.421875
0.718750
-0.296875
0.093750
-0.890625
-0.929688
0.757812
0.046875
0.031250
-0.148438
-0.492188
-0.351562
-0.289062
-0.593750
-0.523438
0.492188
0.796875
0.914062
-0.585938
-0.125000
-0.984375
0.882812
-0.429688
-0.703125
-0.929688
0.578125
-0.664062
0.960938
0.085938
-0.031250
0.476562
0.976562
-0.718750
-0.015625
0.476562
0.484375
0.890625
0.867188
-0.203125
0.164062
0.234375
-0.656250
-0.140625
0.945312
-0.039062
0.203125
0.570312
0.695312
0.726562
0.000000
-0.093750
-0.445312
-0.968750
0.804688
0.710938
0.710938
0.242188
0.093750
0.281250
0.242188
-0.515625
0.070312
-0.640625
0.664062
0.203125
0.218750
-0.289062
0.218750
-0.140625
-0.835938
0.468750
0.492188
0.078125
-0.164062
0.703125
0.546875
0.742188
0.710938
-0.718750
0.226562
0.671875
-0.828125
0.703125
-0.664062
0.773438
-0.257812
0.734375
-0.445312
0.953125
0.140625
0.742188
0.875000
0.890625
-0.296875
0.984375
0.703125
0.843750
-0.226562
0.750000
-0.265625
0.062500
-0.085938
-0.343750
0.382812
0.343750
-0.015625
0.632812
0.968750
-0.460938
0.421875
-0.578125
-0.296875
-0.726562
-0.734375
0.812500
0.625000
-0.804688
0.703125
-0.703125
-0.914062
0.093750
0.226562
-0.109375
0.539062
0.421875
-0.789062
0.242188
0.148438
0.101562
0.851562
-0.234375
0.570312
0.000000
0.406250
0.812500
-0.539062
-0.375000
-0.929688
-0.390625
-0.867188
-0.687500
0.960938
-0.289062
-0.945312
-0.484375
0.703125
0.546875
0.437500
-0.796875
0.703125
0.031250
0.968750
-0.742188
0.562500
0.007812
-0.507812
0.804688
0.367188
-0.796875
0.656250
0.585938
0.445312
0.250000
-0.640625
-0.062500
0.898438
-0.398438
-0.890625
0.906250
0.664062
-0.734375
0.875000
0.765625
0.867188
-0.554688
0.085938
-0.625000
-0.609375
0.117188
-0.156250
0.281250
-0.101562
-0.031250
-0.351562
0.085938
-0.070312
0.351562
-0.789062
0.140625
0.687500
0.226562
0.929688
-0.085938
-0.710938
-0.804688
-0.718750
0.226562
-0.343750
0.773438
-0.796875
-0.468750
0.781250
0.085938
-0.789062
-0.023438
0.351562
-0.414062
0.632812
-0.367188
-0.367188
-0.281250
-0.429688
0.914062
-0.757812
0.796875
-0.265625
-0.476562
0.617188
-0.734375
-0.179688
-0.210938
-0.859375
0.890625
0.359375
-0.609375
0.210938
-0.320312
0.656250
-0.492188
-0.585938
-0.976562
0.398438
0.335938
0.976562
0.664062
-0.406250
-0.000000
0.640625
0.046875
-0.851562
0.046875
0.601562
0.234375
0.140625
0.929688
-0.882812
