54.6157145815
55.194228672
127.688935563
70.8715849063
249.510529831
107.016032477
328.662297058
204.000066609
260.062776236
393.207917101
404.501830977
376.988532547
314.470164462
368.616344137
272.940942653
454.802099126
339.22361226
280.534813948
345.967587635
325.214866343
416.037159575
357.197631189
395.059308684
500.194044365
424.962995655
437.555426855
541.085603051
466.529997929
393.935643364
340.929674513
411.234081219
513.316254831
539.37774819
579.533722534
613.205523078
653.1948699
573.250213149
505.56163773
549.30385879
622.885680865
585.176950311
