21.3563486206
27.0279955067
38.0874556256
39.0504909049
61.7855450295
41.3574692313
74.2546772601
83.002962395
84.9386675109
154.689573174
157.052537549
161.214779948
180.9387744
228.300447139
173.26149817
243.759554562
221.47143854
169.165091637
161.707058553
261.031781618
264.389286413
232.588937779
206.672162378
198.803150446
212.036370151
204.957147486
280.186344795
297.052135491
231.676191975
162.98705436
300.139779299
255.062205681
254.814771058
273.839858051
379.428335515
373.963631713
377.20835513
309.067231369
387.656176068
440.769995206
410.566175059
