14.0890051189
17.1631334331
19.8183677871
22.2322352711
16.1645510926
16.3012188277
17.2407840321
16.8402522423
19.4223637625
17.8857648813
16.9243079273
19.0391397707
18.7725015029
21.7019351283
21.843473868
23.9160109829
18.3055399571
19.6773431604
20.8765266341
108.308112853
18.3618352285
140.998306666
49.1854615338
18.3105707002
20.6486791347
19.2109627382
44.1745663175
156.088499668
19.0257196302
17.9693380363
19.8367366898
20.2947618756
16.2352011439
20.3821217152
47.0065500162
177.503630428
48.6251003061
19.3258904083
19.2683245806
102.473224237
22.527762951
