2
0
0
8
40
8
0.468750
0.320312
0.882812
-0.101562
0.195312
-0.921875
0.257812
-0.445312
0.468750
-0.960938
-0.859375
-0.156250
0.820312
-0.062500
0.828125
0.343750
0.570312
0.914062
-0.289062
-0.914062
-0.476562
-0.523438
0.351562
0.476562
0.453125
-0.656250
-0.062500
-0.929688
-0.414062
0.187500
0.351562
-0.257812
-0.468750
-0.078125
-0.796875
-0.460938
-0.039062
0.812500
-0.234375
0.289062
-0.414062
-0.585938
-0.539062
0.148438
0.867188
0.812500
0.945312
0.335938
0.406250
0.203125
-0.281250
0.718750
0.343750
-0.109375
-0.437500
0.242188
-0.851562
-0.335938
-0.203125
-0.078125
-0.867188
-0.437500
-0.468750
0.984375
0.101562
0.367188
0.281250
0.492188
-0.757812
-0.117188
-0.062500
-0.531250
-0.382812
0.078125
-0.992188
0.992188
-0.476562
-0.984375
0.945312
-0.203125
0.921875
0.890625
-0.570312
0.757812
-0.226562
-0.164062
0.429688
0.281250
0.875000
-0.734375
-0.437500
0.984375
-0.390625
0.390625
0.085938
-0.117188
0.312500
-0.398438
-0.031250
0.101562
0.710938
0.656250
-0.562500
0.140625
-0.984375
-0.929688
-0.062500
0.312500
-0.882812
0.007812
0.023438
0.914062
-0.242188
-0.945312
0.476562
0.968750
0.656250
-0.406250
0.875000
-0.742188
-0.468750
0.414062
0.734375
-0.250000
0.882812
0.796875
-0.742188
0.257812
0.148438
0.742188
-0.335938
-0.789062
-0.296875
-0.382812
-0.250000
0.023438
-0.882812
0.820312
-0.851562
-0.148438
-0.320312
-0.718750
0.781250
-0.953125
-0.273438
0.695312
0.585938
-0.273438
0.859375
0.390625
-0.867188
-0.265625
0.507812
0.539062
0.695312
-0.445312
-0.125000
0.460938
0.531250
-0.898438
-0.414062
-0.585938
0.609375
-0.789062
0.773438
0.445312
-0.117188
-0.015625
-0.476562
-0.710938
-0.312500
-0.617188
0.679688
0.273438
0.132812
-0.164062
0.953125
0.101562
-0.046875
-0.976562
-0.898438
0.320312
-0.234375
0.421875
0.117188
-0.585938
0.460938
0.695312
0.101562
0.937500
0.375000
-0.296875
0.015625
-0.742188
-0.148438
0.460938
0.773438
0.921875
0.531250
0.226562
-0.179688
-0.179688
-0.437500
-0.226562
-0.210938
-0.718750
-0.468750
-0.929688
-0.265625
-0.960938
0.148438
-0.046875
-0.601562
0.234375
0.835938
0.859375
-0.976562
-0.835938
0.078125
-0.718750
-0.257812
-0.953125
-0.757812
-0.554688
0.851562
0.687500
0.632812
-0.695312
-0.625000
-0.367188
-0.257812
-0.007812
-0.281250
-0.898438
0.109375
0.976562
-0.476562
0.859375
0.218750
0.484375
-0.351562
-0.703125
0.781250
-0.453125
0.007812
-0.031250
0.070312
-0.554688
0.343750
-0.164062
-0.843750
-0.000000
0.968750
0.000000
-0.984375
-0.859375
0.289062
0.375000
-0.234375
-0.101562
0.789062
-0.421875
-0.992188
-0.109375
-0.523438
-0.851562
0.796875
0.218750
0.359375
-0.093750
-0.742188
-0.625000
-0.101562
-0.671875
0.976562
-0.140625
-0.679688
0.539062
0.562500
-0.445312
0.101562
0.070312
-0.578125
0.351562
0.531250
0.687500
0.468750
-0.023438
0.625000
-0.375000
0.218750
-0.960938
0.000000
0.734375
-0.296875
-0.296875
-0.429688
-0.070312
-0.195312
0.468750
0.625000
-0.648438
0.710938
-0.500000
0.992188
0.578125
-0.179688
0.820312
-0.109375
0.898438
0.156250
-0.007812
0.226562
-0.281250
-0.859375
0.835938
-0.234375
-0.875000
0.156250
0.648438
0.039062
0.484375
-0.492188
-0.414062
0.796875
-0.375000
0.468750
-0.523438
0.492188
0.117188
-0.984375
0.664062
0.789062
0.703125
-0.851562
-0.492188
0.835938
0.953125
-0.695312
-0.242188
-0.031250
0.687500
0.398438
-0.312500
0.000000
-0.226562
-0.992188
0.484375
-0.757812
0.148438
-0.476562
0.976562
0.789062
-0.101562
0.625000
-0.085938
0.531250
0.710938
0.023438
-0.875000
0.164062
-0.710938
0.867188
0.015625
-0.312500
-0.046875
-0.625000
0.593750
0.585938
-0.296875
-0.054688
0.960938
0.460938
-0.750000
-0.500000
-0.015625
-0.875000
-0.585938
-0.039062
-0.109375
0.000000
-0.015625
-0.304688
-0.945312
-0.601562
-0.531250
-0.968750
-0.429688
-0.257812
-0.304688
-0.171875
-0.867188
0.226562
-0.664062
-0.382812
0.968750
0.921875
-0.414062
-0.953125
0.460938
-0.031250
-0.210938
0.375000
0.593750
-0.085938
-0.585938
0.203125
-0.625000
0.929688
-0.250000
0.257812
-0.984375
-0.726562
0.570312
0.250000
-0.804688
-0.742188
0.031250
0.593750
-0.539062
0.078125
0.531250
0.296875
0.601562
-0.320312
-0.015625
-0.679688
-0.789062
0.507812
-0.406250
-0.921875
0.960938
-0.968750
-0.289062
-0.679688
-0.812500
-0.046875
-0.359375
-0.476562
0.179688
0.765625
-0.539062
-0.335938
0.921875
0.203125
0.718750
0.570312
0.750000
0.070312
0.148438
-0.093750
0.195312
0.906250
0.695312
0.125000
0.453125
0.320312
-0.468750
-0.164062
0.710938
0.578125
0.070312
0.523438
0.656250
0.585938
0.992188
0.656250
-0.890625
0.140625
-0.281250
-0.640625
-0.132812
0.804688
0.187500
0.382812
0.632812
-0.343750
0.148438
0.031250
0.445312
0.421875
0.835938
0.648438
0.476562
-0.960938
0.273438
-0.562500
-0.875000
0.953125
0.437500
0.804688
0.960938
0.609375
0.476562
0.585938
-0.296875
0.257812
0.843750
-0.828125
-0.203125
-0.187500
-0.664062
0.289062
-0.585938
0.125000
0.632812
0.421875
0.664062
-0.015625
0.320312
-0.789062
-0.539062
0.929688
-0.140625
-0.695312
-0.023438
-0.984375
0.773438
0.656250
0.625000
0.281250
-0.164062
-0.625000
-0.937500
-0.585938
0.210938
-0.710938
0.421875
0.265625
-0.046875
0.125000
-0.031250
0.140625
-0.812500
0.007812
0.851562
-0.375000
-0.976562
-0.796875
0.132812
-0.906250
0.921875
0.000000
0.054688
-0.242188
0.960938
0.765625
0.085938
0.898438
0.054688
-0.867188
-0.750000
-0.664062
0.765625
-0.554688
-0.820312
0.765625
-0.453125
-0.343750
0.656250
-0.984375
0.835938
0.203125
-0.679688
0.914062
0.640625
-0.273438
0.789062
0.343750
-0.343750
-0.039062
0.281250
-0.507812
0.648438
0.648438
0.101562
-0.210938
0.750000
0.367188
-0.984375
0.726562
-0.640625
0.648438
-0.390625
-0.796875
-0.390625
-0.742188
-0.179688
-0.429688
-0.710938
0.609375
-0.664062
-0.367188
0.507812
0.687500
0.195312
0.453125
-0.656250
-0.000000
0.398438
0.453125
-0.742188
0.375000
0.375000
-0.593750
0.703125
-0.812500
-0.789062
0.359375
0.554688
-0.984375
-0.187500
0.968750
-0.289062
-0.984375
0.992188
0.328125
-0.492188
0.390625
0.445312
-0.078125
-0.921875
0.304688
-0.070312
-0.109375
0.078125
0.625000
0.117188
-0.585938
-0.632812
-0.187500
0.757812
0.164062
0.515625
-0.609375
0.046875
0.093750
0.601562
0.101562
-0.367188
0.367188
-0.351562
0.882812
-0.648438
-0.242188
-0.218750
0.867188
0.273438
0.921875
0.781250
-0.609375
0.140625
-0.835938
-0.421875
0.812500
-0.015625
0.945312
-0.640625
0.578125
-0.835938
0.695312
0.250000
-0.757812
-0.023438
-0.695312
-0.421875
0.015625
0.039062
0.726562
-0.164062
-0.359375
-0.382812
0.703125
0.554688
0.914062
-0.125000
-0.578125
-0.695312
0.632812
-0.023438
-0.578125
0.812500
-0.992188
-0.710938
-0.351562
-0.046875
-0.101562
-0.039062
