2
4
0
8
40
8
-0.007812
0.976562
-0.304688
0.132812
0.445312
0.484375
0.320312
0.015625
0.851562
0.445312
0.742188
-0.695312
-0.062500
-0.843750
-0.062500
-0.148438
0.078125
-0.523438
0.367188
-0.671875
-0.812500
0.109375
-0.109375
0.750000
-0.929688
0.453125
0.757812
0.140625
-0.640625
0.476562
0.476562
-0.820312
-0.671875
0.304688
0.882812
-0.187500
-0.250000
0.546875
-0.257812
-0.859375
0.054688
-0.898438
-0.984375
0.695312
0.585938
-0.109375
-0.265625
0.296875
-0.632812
0.984375
-0.093750
0.171875
-0.406250
0.234375
0.070312
0.078125
0.281250
0.171875
-0.687500
0.031250
0.031250
-0.882812
0.117188
-0.945312
0.351562
0.585938
-0.398438
0.976562
0.906250
-0.203125
0.531250
0.914062
0.640625
-0.031250
-0.437500
-0.960938
-0.554688
0.320312
-0.070312
-0.539062
0.265625
0.062500
-0.281250
-0.078125
-0.882812
0.343750
0.062500
-0.601562
-0.835938
0.445312
-0.554688
-0.398438
-0.578125
0.453125
0.773438
-0.687500
-0.546875
-0.468750
0.515625
-0.414062
-0.109375
0.281250
0.273438
0.304688
-0.570312
0.437500
-0.421875
-0.484375
-0.289062
-0.640625
0.257812
-0.085938
0.195312
0.718750
-0.476562
-0.265625
0.796875
0.632812
-0.648438
-0.421875
0.437500
-0.835938
-0.757812
-0.609375
-0.820312
0.039062
-0.664062
0.453125
-0.156250
-0.648438
-0.195312
0.398438
-0.648438
-0.695312
-0.015625
0.335938
-0.804688
-0.109375
0.593750
-0.484375
0.851562
0.507812
0.351562
0.656250
0.632812
-0.414062
0.476562
0.492188
0.593750
-0.867188
-0.218750
-0.656250
0.648438
0.382812
0.320312
0.390625
-0.671875
0.367188
0.226562
-0.312500
0.054688
-0.031250
-0.820312
0.421875
0.312500
0.351562
0.406250
0.585938
0.421875
-0.359375
-0.937500
-0.265625
0.312500
-0.812500
-0.007812
0.601562
0.937500
-0.867188
-0.992188
-0.781250
0.195312
-0.765625
-0.023438
-0.351562
-0.304688
0.601562
0.796875
-0.132812
-0.921875
0.406250
-0.093750
0.273438
-0.320312
-0.968750
-0.000000
0.156250
-0.687500
0.703125
0.257812
-0.210938
0.726562
0.140625
0.382812
-0.695312
0.265625
-0.312500
-0.406250
-0.710938
0.398438
0.203125
-0.648438
0.906250
0.820312
-0.101562
-0.210938
-0.226562
0.554688
-0.281250
0.156250
0.359375
0.914062
-0.625000
0.921875
0.398438
-0.562500
-0.203125
-0.914062
0.062500
-0.828125
0.398438
0.039062
-0.765625
-0.515625
0.335938
-0.437500
-0.054688
0.734375
-0.015625
0.937500
0.117188
-0.750000
0.585938
-0.031250
-0.148438
-0.390625
-0.054688
-0.921875
-0.593750
0.859375
-0.226562
0.648438
-0.500000
-0.078125
0.968750
0.609375
0.929688
0.289062
-0.625000
-0.554688
0.164062
0.773438
-0.570312
-0.773438
0.515625
0.250000
-0.015625
-0.617188
0.546875
-0.007812
0.421875
0.656250
0.531250
-0.531250
-0.273438
-0.234375
-0.593750
0.140625
0.226562
-0.593750
-0.500000
-0.195312
-0.781250
0.406250
-0.476562
0.960938
-0.710938
0.609375
-0.250000
-0.906250
-0.023438
0.460938
-0.164062
-0.039062
-0.750000
-0.335938
0.625000
0.023438
-0.453125
0.023438
-0.984375
-0.945312
0.609375
0.164062
0.757812
-0.015625
0.007812
-0.585938
-0.367188
0.085938
0.375000
-0.289062
0.617188
-0.789062
-0.703125
0.914062
0.164062
0.484375
-0.750000
-0.929688
-0.109375
-0.789062
0.812500
-0.898438
0.789062
0.906250
0.148438
0.445312
0.343750
-0.710938
-0.953125
-0.085938
0.921875
-0.304688
0.328125
0.718750
0.437500
-0.507812
0.859375
0.960938
0.132812
0.117188
0.070312
0.601562
-0.742188
-0.117188
0.976562
-0.789062
0.890625
-0.765625
0.914062
0.085938
-0.914062
-0.281250
-0.523438
0.859375
-0.445312
0.804688
0.984375
0.539062
0.281250
0.906250
0.000000
0.335938
0.007812
-0.140625
0.640625
0.015625
0.578125
-0.484375
0.257812
-0.375000
0.218750
0.898438
0.812500
0.570312
0.367188
0.476562
-0.703125
-0.718750
-0.789062
-0.507812
-0.203125
-0.921875
-0.367188
-0.742188
0.828125
0.750000
-0.609375
0.906250
0.406250
0.648438
0.468750
0.296875
-0.460938
-0.632812
-0.148438
0.789062
-0.601562
0.125000
0.226562
0.164062
0.648438
-0.921875
0.742188
0.531250
0.007812
0.664062
-0.117188
0.101562
-0.796875
0.898438
-0.484375
-0.328125
-0.171875
0.468750
0.078125
0.609375
-0.437500
-0.867188
-0.851562
-0.320312
0.703125
0.164062
-0.507812
-0.796875
0.171875
0.484375
0.914062
-0.343750
-0.171875
0.617188
-0.234375
-0.554688
-0.484375
0.742188
-0.804688
0.125000
0.992188
0.242188
-0.453125
0.843750
-0.476562
-0.773438
-0.945312
-0.562500
0.460938
-0.398438
-0.507812
0.390625
0.054688
-0.828125
0.984375
-0.437500
0.875000
0.679688
-0.898438
-0.281250
-0.781250
-0.414062
0.429688
0.492188
0.812500
0.335938
0.507812
0.640625
-0.312500
-0.640625
-0.585938
-0.632812
0.898438
0.398438
-0.406250
0.976562
0.890625
0.304688
-0.546875
0.648438
-0.031250
-0.882812
-0.882812
-0.773438
0.414062
-0.953125
-0.421875
0.609375
0.929688
0.898438
0.500000
-0.351562
0.757812
-0.632812
-0.382812
0.515625
0.859375
0.632812
0.968750
-0.226562
0.804688
-0.914062
0.617188
-0.359375
0.554688
0.632812
-0.304688
-0.218750
-0.117188
0.718750
0.898438
0.890625
0.117188
-0.585938
-0.375000
0.625000
0.132812
-0.851562
0.726562
-0.671875
-0.882812
-0.367188
0.203125
0.890625
0.562500
0.500000
0.179688
0.429688
0.390625
-0.851562
-0.468750
-0.765625
-0.390625
0.640625
-0.843750
-0.718750
0.765625
-0.812500
0.734375
0.476562
-0.710938
0.343750
0.171875
-0.539062
-0.609375
0.187500
0.851562
0.070312
-0.281250
-0.429688
-0.085938
0.585938
0.789062
0.617188
0.148438
-0.476562
0.523438
0.070312
-0.328125
-0.460938
0.875000
-0.593750
-0.593750
0.218750
0.218750
-0.789062
0.992188
-0.539062
0.593750
-0.890625
-0.453125
-0.171875
0.968750
0.250000
0.578125
0.445312
0.242188
-0.304688
-0.710938
0.218750
-0.054688
-0.195312
-0.617188
0.070312
0.734375
-0.945312
-0.796875
-0.992188
-0.539062
-0.164062
0.078125
-0.015625
-0.570312
0.265625
-0.273438
0.312500
0.226562
-0.164062
-0.046875
-0.992188
-0.726562
-0.171875
0.140625
-0.000000
-0.062500
-0.218750
0.273438
-0.640625
-0.867188
-0.492188
0.312500
0.875000
-0.679688
-0.476562
0.132812
-0.562500
-0.539062
-0.500000
-0.390625
0.132812
-0.203125
-0.140625
0.281250
-0.156250
-0.289062
0.734375
-0.664062
-0.023438
-0.515625
0.500000
-0.765625
-0.164062
0.828125
0.429688
-0.039062
-0.195312
0.226562
-0.179688
0.359375
-0.015625
0.148438
-0.960938
0.320312
0.492188
-0.453125
-0.265625
0.109375
0.007812
-0.609375
-0.625000
-0.734375
0.406250
0.500000
-0.468750
0.281250
-0.328125
-0.421875
0.781250
-0.742188
0.570312
0.289062
0.804688
-0.312500
-0.015625
-0.343750
0.250000
-0.617188
-0.828125
0.421875
0.789062
0.906250
0.375000
-0.656250
0.546875
0.750000
0.148438
-0.640625
-0.492188
-0.937500
0.304688
0.656250
-0.515625
-0.867188
-0.320312
0.273438
-0.343750
0.890625
-0.070312
-0.945312
-0.351562
0.132812
-0.273438
-0.117188
-0.187500
0.468750
-0.273438
-0.343750
-0.140625
0.085938
0.367188
-0.531250
0.046875
-0.835938
-0.359375
0.046875
0.882812
-0.828125
0.289062
0.773438
-0.375000
0.734375
0.015625
0.179688
-0.421875
0.781250
-0.890625
0.445312
0.632812
0.890625
-0.453125
-0.765625
0.078125
0.312500
-0.156250
-0.531250
-0.140625
0.007812
-0.296875
-0.703125
-0.828125
0.132812
0.484375
0.437500
0.890625
0.835938
0.664062
-0.765625
0.843750
0.296875
0.468750
-0.460938
-0.335938
-0.703125
-0.851562
0.164062
-0.765625
-0.289062
-0.226562
-0.500000
-0.281250
-0.656250
-0.343750
-0.453125
-0.507812
0.773438
-0.359375
0.171875
0.015625
-0.757812
-0.460938
-0.585938
0.554688
-0.406250
-0.882812
-0.695312
-0.398438
0.070312
-0.882812
-0.859375
0.593750
-0.515625
0.507812
-0.617188
0.835938
0.359375
0.101562
0.453125
-0.562500
0.664062
-0.351562
-0.148438
-0.710938
-0.328125
-0.398438
0.101562
0.992188
0.031250
-0.804688
0.453125
-0.273438
-0.976562
-0.367188
0.507812
-0.164062
0.664062
-0.625000
-0.710938
0.796875
0.507812
0.539062
-0.710938
-0.492188
-0.921875
0.140625
-0.882812
0.156250
-0.398438
0.117188
-0.187500
0.429688
-0.101562
0.164062
-0.367188
0.054688
0.625000
-0.882812
-0.429688
0.953125
0.281250
-0.117188
0.781250
-0.289062
-0.906250
-0.437500
-0.171875
0.546875
-0.031250
-0.507812
0.765625
-0.898438
0.250000
-0.796875
0.609375
0.164062
-0.210938
0.265625
-0.390625
0.812500
0.296875
-0.125000
0.828125
0.421875
0.210938
0.992188
0.671875
-0.789062
0.617188
0.218750
-0.585938
-0.976562
0.460938
-0.101562
-0.218750
-0.523438
-0.039062
-0.570312
-0.632812
0.382812
0.562500
0.265625
-0.687500
0.953125
-0.421875
-0.664062
0.148438
-0.578125
0.765625
-0.992188
-0.398438
-0.156250
0.398438
0.382812
-0.898438
0.882812
0.640625
-0.968750
-0.406250
0.195312
-0.234375
0.054688
0.695312
-0.015625
0.476562
-0.437500
0.437500
0.734375
-0.101562
-0.656250
-0.296875
0.257812
-0.585938
-0.484375
-0.406250
0.523438
0.992188
-0.007812
0.367188
0.523438
0.882812
-0.445312
-0.765625
0.281250
-0.648438
0.062500
0.117188
-0.562500
0.117188
-0.867188
-0.609375
0.531250
-0.046875
0.453125
-0.554688
-0.390625
0.531250
-0.320312
-0.273438
0.078125
-0.460938
0.546875
-0.382812
-0.828125
0.765625
0.609375
-0.937500
-0.289062
-0.046875
-0.570312
-0.039062
-0.148438
-0.671875
0.257812
0.359375
0.226562
0.070312
0.585938
0.312500
0.085938
0.007812
-0.375000
0.664062
0.382812
-0.000000
0.257812
-0.523438
0.828125
-0.921875
0.304688
-0.164062
-0.601562
0.867188
-0.437500
0.445312
-0.359375
-0.234375
-0.320312
-0.617188
-0.398438
-0.515625
0.429688
-0.773438
0.890625
-0.765625
0.554688
0.671875
0.054688
-0.984375
0.500000
0.093750
-0.125000
0.484375
-0.406250
-0.218750
-0.992188
-0.765625
0.921875
-0.312500
-0.843750
0.781250
-0.320312
0.968750
-0.546875
0.156250
-0.335938
-0.562500
0.328125
0.820312
0.226562
0.492188
0.945312
-0.820312
0.468750
-0.367188
0.695312
-0.500000
0.890625
0.523438
-0.578125
-0.429688
-0.492188
-0.054688
-0.359375
-0.453125
-0.546875
-0.687500
0.835938
0.140625
-0.210938
0.726562
-0.609375
-0.085938
0.804688
0.843750
0.382812
0.820312
