2
4
0
8
40
8
-0.484375
0.789062
-0.179688
0.218750
-0.796875
0.476562
-0.640625
0.929688
-0.656250
-0.898438
-0.179688
-0.640625
-0.929688
0.078125
-0.875000
-0.828125
-0.210938
-0.789062
0.679688
0.484375
-0.156250
0.015625
0.320312
-0.531250
-0.492188
-0.070312
0.132812
-0.343750
0.281250
-0.078125
0.976562
-0.273438
0.882812
-0.632812
0.710938
0.265625
-0.820312
0.609375
0.265625
0.007812
-0.515625
-0.445312
0.828125
0.304688
0.851562
-0.054688
0.609375
-0.664062
-0.453125
-0.664062
0.320312
-0.296875
-0.320312
0.078125
0.078125
0.742188
0.976562
-0.484375
-0.617188
0.226562
0.132812
-0.671875
0.656250
-0.890625
0.414062
-0.242188
0.187500
-0.546875
0.273438
0.515625
0.195312
0.250000
-0.156250
-0.132812
0.187500
0.523438
0.585938
0.710938
-0.078125
0.546875
-0.335938
-0.648438
-0.960938
0.812500
-0.601562
-0.125000
-0.945312
-0.250000
-0.132812
-0.140625
-0.031250
-0.585938
-0.187500
0.289062
-0.562500
-0.132812
-0.031250
-0.804688
0.710938
0.078125
0.500000
0.093750
-0.421875
0.742188
-0.984375
0.703125
0.523438
-0.937500
-0.367188
0.953125
-0.257812
-0.031250
-0.101562
-0.960938
0.781250
-0.093750
-0.304688
0.226562
0.562500
-0.007812
-0.882812
-0.085938
0.703125
-0.164062
0.773438
0.828125
0.710938
0.781250
-0.101562
0.859375
0.250000
0.570312
-0.015625
-0.625000
0.656250
0.062500
0.109375
0.960938
-0.492188
0.984375
0.679688
-0.812500
0.726562
-0.101562
0.585938
-0.562500
-0.054688
0.953125
-0.953125
-0.734375
-0.875000
0.054688
0.281250
0.875000
0.992188
-0.664062
-0.929688
-0.000000
-0.671875
-0.437500
-0.226562
0.578125
-0.703125
-0.578125
-0.820312
-0.273438
-0.648438
-0.250000
-0.562500
0.765625
0.273438
0.484375
0.531250
-0.750000
0.609375
-0.328125
-0.632812
0.828125
-0.195312
-0.570312
0.023438
-0.507812
-0.062500
0.414062
0.257812
-0.406250
0.195312
0.585938
0.406250
-0.492188
0.375000
0.273438
-0.484375
0.890625
-0.476562
-0.937500
0.742188
0.406250
0.906250
0.281250
-0.031250
0.601562
0.062500
-0.695312
-0.492188
0.625000
0.039062
0.304688
-0.320312
-0.148438
0.804688
-0.234375
-0.859375
-0.882812
0.804688
-0.359375
-0.242188
0.945312
-0.734375
0.390625
-0.890625
-0.421875
0.671875
0.835938
-0.148438
-0.367188
-0.351562
0.140625
0.609375
-0.187500
0.546875
-0.921875
-0.507812
-0.046875
0.710938
-0.890625
-0.609375
-0.960938
-0.054688
0.460938
-0.984375
0.875000
0.093750
0.953125
-0.632812
0.640625
0.796875
0.796875
0.718750
-0.765625
-0.476562
-0.539062
-0.070312
0.593750
-0.515625
-0.109375
0.281250
-0.304688
0.734375
-0.726562
0.406250
0.765625
-0.093750
0.976562
-0.445312
-0.453125
0.226562
-0.554688
-0.273438
0.539062
-0.882812
-0.789062
-0.375000
-0.664062
-0.539062
0.578125
0.257812
-0.625000
0.640625
0.593750
-0.156250
0.531250
-0.460938
-0.929688
0.773438
-0.710938
-0.062500
-0.000000
0.609375
0.773438
0.507812
-0.421875
0.312500
-0.242188
0.578125
0.445312
0.632812
0.343750
-0.812500
0.671875
-0.125000
0.984375
0.117188
0.765625
0.171875
0.242188
-0.070312
0.734375
0.523438
0.507812
0.187500
-0.109375
0.406250
0.000000
0.257812
0.312500
0.281250
-0.906250
-0.171875
-0.687500
-0.171875
-0.234375
-0.484375
0.257812
0.132812
0.093750
-0.359375
0.210938
0.859375
-0.703125
0.757812
0.171875
-0.312500
0.492188
0.304688
-0.718750
-0.617188
-0.070312
-0.937500
0.148438
-0.789062
-0.164062
0.140625
0.812500
0.343750
-0.835938
0.585938
-0.210938
0.460938
-0.820312
-0.265625
-0.867188
0.023438
-0.023438
0.484375
0.046875
-0.054688
0.812500
0.632812
0.750000
0.117188
-0.007812
-0.820312
-0.007812
0.484375
-0.859375
-0.101562
-0.296875
-0.335938
-0.328125
-0.976562
-0.679688
0.437500
0.851562
-0.523438
-0.726562
0.671875
0.046875
-0.562500
-0.546875
0.804688
-0.851562
-0.257812
-0.812500
-0.328125
-0.023438
-0.976562
0.562500
0.617188
-0.382812
-0.515625
-0.039062
0.546875
0.398438
-0.843750
0.656250
0.031250
-0.382812
0.437500
-0.179688
-0.070312
0.093750
-0.843750
0.484375
-0.953125
-0.140625
0.625000
-0.664062
0.679688
-0.000000
-0.187500
-0.023438
0.695312
0.984375
0.953125
-0.515625
-0.265625
-0.101562
0.718750
-0.140625
0.039062
-0.914062
-0.507812
-0.718750
0.476562
0.687500
-0.062500
0.351562
-0.585938
-0.507812
-0.351562
-0.789062
-0.054688
-0.132812
-0.109375
-0.203125
0.507812
0.039062
-0.812500
0.257812
-0.585938
0.343750
-0.531250
0.679688
0.976562
-0.343750
-0.140625
-0.242188
0.187500
-0.562500
0.265625
0.375000
-0.296875
0.671875
-0.070312
-0.929688
0.320312
0.757812
-0.859375
-0.375000
0.671875
0.015625
0.414062
-0.640625
0.601562
0.453125
0.085938
-0.125000
0.187500
0.960938
-0.835938
0.140625
0.429688
0.718750
-0.765625
0.289062
-0.640625
-0.015625
0.289062
-0.453125
-0.812500
0.117188
-0.304688
-0.031250
0.140625
-0.828125
-0.226562
0.750000
0.312500
-0.554688
-0.867188
0.820312
0.992188
-0.882812
0.726562
0.687500
0.968750
0.406250
-0.296875
-0.500000
0.460938
0.109375
0.132812
0.390625
0.945312
0.757812
-0.968750
-0.726562
0.156250
0.054688
0.203125
0.710938
-0.906250
-0.085938
0.007812
-0.031250
0.921875
0.171875
-0.601562
-0.343750
0.960938
-0.546875
-0.515625
-0.507812
-0.546875
0.312500
-0.812500
-0.054688
0.546875
-0.179688
-0.343750
-0.671875
0.750000
0.773438
-0.500000
-0.882812
-0.820312
-0.937500
-0.101562
0.523438
-0.859375
0.281250
0.500000
-0.703125
-0.031250
-0.531250
0.289062
0.757812
0.859375
0.640625
0.515625
-0.179688
0.250000
-0.296875
0.523438
0.656250
0.593750
-0.101562
-0.726562
0.000000
0.507812
0.382812
-0.585938
0.000000
-0.710938
-0.414062
-0.296875
-0.914062
0.445312
0.968750
-0.484375
-0.406250
0.718750
-0.359375
-0.312500
-0.445312
-0.234375
0.062500
0.757812
-0.179688
-0.609375
-0.906250
-0.726562
-0.937500
-0.656250
-0.484375
0.367188
-0.281250
0.929688
-0.210938
0.921875
-0.093750
0.257812
0.156250
-0.953125
0.070312
-0.992188
0.578125
0.476562
-0.359375
0.421875
0.242188
-0.789062
-0.312500
0.820312
0.890625
-0.437500
0.984375
-0.617188
0.328125
0.148438
0.179688
0.460938
-0.250000
-0.445312
-0.187500
0.937500
0.539062
-0.523438
0.000000
-0.921875
0.796875
-0.132812
0.289062
0.265625
0.312500
0.976562
-0.906250
-0.750000
0.906250
0.968750
0.515625
0.156250
0.296875
-0.500000
0.492188
0.507812
0.828125
0.710938
-0.046875
0.375000
0.898438
-0.609375
0.085938
0.500000
0.828125
-0.796875
-0.835938
-0.390625
-0.179688
0.218750
0.015625
0.343750
-0.992188
-0.648438
0.453125
-0.117188
-0.335938
0.171875
-0.453125
-0.328125
0.117188
0.781250
-0.304688
-0.046875
0.695312
0.890625
0.093750
-0.445312
0.156250
0.250000
-0.578125
0.304688
0.031250
-0.976562
0.671875
-0.625000
0.515625
0.218750
0.328125
0.820312
-0.226562
-0.093750
-0.734375
0.609375
-0.789062
-0.007812
0.679688
0.453125
0.343750
-0.125000
-0.109375
-0.781250
-0.484375
-0.414062
-0.460938
0.460938
0.218750
-0.703125
0.445312
-0.023438
0.562500
0.171875
-0.562500
0.382812
0.492188
0.546875
0.562500
-0.781250
-0.835938
0.945312
-0.828125
-0.234375
0.695312
0.882812
-0.054688
-0.992188
-0.015625
0.765625
0.117188
0.203125
0.921875
-0.867188
-0.875000
-0.531250
0.343750
0.132812
0.812500
0.062500
0.226562
-0.140625
-0.515625
-0.507812
0.625000
0.398438
-0.703125
0.796875
0.570312
0.734375
0.531250
-0.992188
-0.523438
-0.062500
0.023438
0.039062
-0.398438
0.250000
0.265625
0.828125
0.414062
-0.406250
-0.945312
0.953125
0.367188
-0.187500
-0.585938
-0.046875
-0.085938
0.562500
-0.156250
-0.890625
0.718750
0.585938
-0.640625
-0.031250
-0.000000
0.218750
-0.421875
-0.562500
0.109375
-0.804688
-0.312500
-0.031250
-0.835938
-0.023438
0.414062
-0.070312
-0.953125
-0.937500
0.351562
0.125000
-0.257812
-0.054688
-0.296875
-0.250000
0.539062
-0.218750
0.320312
0.992188
0.507812
0.281250
-0.125000
-0.875000
0.289062
0.921875
-0.992188
0.570312
-0.625000
-0.984375
0.335938
-0.937500
-0.007812
0.898438
-0.250000
-0.835938
0.851562
0.718750
-0.843750
0.531250
0.867188
0.226562
-0.781250
0.554688
-0.320312
0.078125
-0.476562
0.382812
0.562500
0.726562
-0.523438
-0.195312
-0.289062
0.078125
-0.554688
0.687500
-0.726562
-0.960938
0.328125
-0.593750
0.210938
-0.218750
0.804688
0.460938
-0.867188
0.890625
-0.507812
0.023438
-0.750000
-0.593750
0.695312
0.390625
-0.132812
-0.062500
-0.054688
-0.093750
-0.148438
0.898438
0.242188
0.929688
-0.835938
0.828125
-0.835938
-0.117188
-0.445312
-0.812500
0.812500
-0.078125
0.468750
0.906250
0.984375
-0.265625
-0.070312
0.500000
-0.929688
-0.453125
0.625000
0.585938
-0.218750
0.781250
0.617188
-0.812500
-0.023438
0.515625
0.640625
-0.617188
-0.085938
-0.671875
0.960938
-0.882812
-0.289062
0.101562
-0.546875
0.867188
-0.804688
-0.343750
0.250000
-0.781250
0.718750
0.929688
0.187500
0.781250
-0.289062
-0.515625
0.406250
0.859375
0.023438
0.281250
-0.062500
-0.601562
0.335938
0.273438
0.953125
-0.304688
0.445312
-0.726562
0.460938
0.046875
-0.968750
0.335938
0.085938
0.976562
0.632812
-0.320312
-0.304688
0.875000
-0.296875
-0.273438
0.914062
0.804688
-0.828125
0.687500
0.085938
0.343750
0.921875
0.000000
0.445312
0.656250
-0.664062
-0.820312
0.625000
-0.125000
-0.476562
-0.851562
-0.203125
-0.703125
0.632812
-0.718750
0.382812
0.375000
-0.265625
-0.093750
-0.796875
-0.484375
-0.562500
-0.414062
-0.882812
0.750000
-0.812500
-0.937500
-0.429688
-0.789062
0.156250
-0.835938
-0.218750
0.867188
-0.929688
0.593750
-0.500000
0.718750
-0.679688
0.914062
0.015625
0.390625
-0.617188
0.312500
0.156250
-0.976562
0.382812
0.359375
-0.320312
-0.679688
0.304688
-0.671875
-0.132812
0.492188
-0.046875
0.453125
0.984375
0.898438
0.773438
0.656250
0.710938
0.718750
0.125000
0.101562
0.632812
0.000000
-0.906250
-0.585938
-0.148438
-0.890625
-0.921875
0.304688
0.273438
-0.023438
-0.140625
0.000000
0.593750
-0.015625
0.296875
0.570312
0.078125
0.937500
0.656250
-0.851562
0.375000
0.890625
0.468750
0.546875
-0.148438
-0.062500
0.210938
