( 11.382512 0.553009 0.114576 0.079598 0.105821 0.110343 0.099467 0.101369 0.106066 0.108975 0.105138 0.099677 0.067346 0.101140 0.090473 0.111627 0.085199 0.103230 ) 
( 16.099174 0.621399 0.079598 0.105821 0.110343 0.099467 0.101369 0.106066 0.108975 0.105138 0.099677 0.067346 0.101140 0.090473 0.111627 0.085199 0.103230 0.112712 ) 
( 20.454819 0.674389 0.099674 0.096849 0.107470 0.099394 0.115989 0.096500 0.093619 0.086276 0.098585 0.114667 0.089805 0.098948 0.124947 0.110144 0.097770 0.102321 ) 
( 20.809940 0.896380 0.114579 0.106266 0.106201 0.105758 0.104282 0.093233 0.101310 0.111096 0.100303 0.093314 0.098917 0.079488 0.106126 0.098238 0.110750 0.105765 ) 
( 23.760878 0.948099 0.115848 0.088028 0.112127 0.105327 0.102706 0.094438 0.083680 0.098947 0.108914 0.091544 0.055852 0.074605 0.090299 0.102243 0.097831 0.105993 ) 
( 29.193569 1.179751 0.102808 0.112383 0.121650 0.118396 0.066739 0.088304 0.084697 0.067109 0.069126 0.034297 0.027666 0.049861 0.044240 0.052972 0.087940 0.103537 ) 
( 37.068928 1.385138 0.092987 0.111874 0.094895 0.080464 0.070882 0.070201 0.063824 0.033591 0.045767 0.021433 -0.001779 0.020918 0.013134 0.026541 0.014569 0.111393 ) 
( 38.885895 1.428904 0.102116 0.102512 0.095496 0.086090 0.051793 0.056373 0.060669 0.018324 0.024213 0.000621 0.014608 0.012711 0.022423 0.022971 0.032813 0.109342 ) 
( 36.353989 1.432973 0.090731 0.092267 0.088237 0.061651 0.054442 0.046975 0.070813 0.022403 0.035841 0.018331 0.008145 0.013170 0.022125 0.022911 0.051141 0.100276 ) 
( 35.356308 1.460301 0.093937 0.101962 0.107913 0.080919 0.064678 0.050417 0.077375 0.026313 0.042030 0.038670 -0.005964 0.011597 0.019018 0.043070 0.046932 0.085080 ) 
( 37.877129 1.394462 0.105282 0.083394 0.085997 0.085260 0.058697 0.054743 0.066678 0.033489 0.030103 0.012412 0.032876 0.029300 0.016744 0.024589 0.048140 0.109714 ) 
( 34.039246 1.371205 0.102965 0.088647 0.112898 0.067110 0.053963 0.055215 0.054913 0.022214 0.014416 0.013848 0.029239 0.041113 0.006579 0.032727 0.034755 0.085616 ) 
( 36.728035 1.445599 0.109193 0.087662 0.105678 0.088923 0.065083 0.058236 0.050322 0.045464 0.010768 0.024638 0.023339 0.020759 0.015645 0.007343 0.050973 0.098850 ) 
( 31.531893 1.456304 0.106229 0.107265 0.098296 0.098553 0.056254 0.053150 0.048111 0.011076 0.012215 0.027440 0.025895 0.008541 0.025670 0.018546 0.026462 0.110682 ) 
( 38.905891 1.454324 0.100167 0.088128 0.090804 0.080094 0.059608 0.055534 0.070380 0.030119 0.039036 0.031664 0.005867 0.017876 0.023318 0.026141 0.044038 0.107889 ) 
( 39.558968 1.397563 0.113377 0.103403 0.110116 0.084978 0.073978 0.045941 0.046068 0.038707 0.029299 0.016238 0.016993 0.028706 0.028369 0.031527 0.031469 0.107909 ) 
( 40.198967 1.433131 0.093184 0.093192 0.091866 0.081406 0.078136 0.062957 0.061809 0.028955 0.027234 0.023134 0.022466 0.036421 0.013153 0.014658 0.033904 0.101587 ) 
( 36.080616 1.382957 0.100723 0.105174 0.098060 0.079787 0.066097 0.054944 0.059501 0.039522 0.024136 0.014676 0.018896 0.013264 0.023074 0.018958 0.018737 0.104754 ) 
( 36.120640 1.445509 0.107803 0.095621 0.092461 0.077398 0.084575 0.058502 0.073279 0.037906 0.011994 0.014437 0.026064 0.029089 0.004635 0.012515 0.058923 0.093427 ) 
( 35.511871 1.436203 0.085514 0.095129 0.105243 0.080842 0.053599 0.064504 0.049332 0.047821 0.039720 0.019376 0.019164 0.019901 0.028061 0.036489 0.046470 0.100259 ) 
( 32.131630 1.367402 0.098864 0.096309 0.119538 0.079488 0.045451 0.057533 0.074822 0.028954 0.030816 0.032122 0.027152 0.019188 0.015554 0.036613 0.042789 0.117538 ) 
( 37.866917 1.391730 0.092783 0.101294 0.095094 0.061385 0.069592 0.055667 0.067225 0.040617 0.033271 0.020631 0.009032 0.013402 0.020548 0.022153 0.021403 0.102597 ) 
( 33.296078 1.382439 0.108064 0.104034 0.100479 0.094174 0.051992 0.057124 0.063627 0.049130 0.058577 0.018380 0.012468 0.005175 0.019749 0.011615 0.048235 0.109509 ) 
( 35.348507 1.396024 0.107086 0.113000 0.099646 0.073931 0.047410 0.059179 0.053773 0.038644 0.009680 0.016327 0.005140 0.018285 0.017134 0.005770 0.045577 0.105697 ) 
( 37.579636 1.404381 0.098571 0.106541 0.113093 0.082296 0.058545 0.046659 0.048182 0.066553 0.009643 0.003168 0.018807 0.030304 0.016341 0.033897 0.023576 0.117888 ) 
( 38.846912 1.395165 0.105698 0.095998 0.097419 0.088474 0.060532 0.062541 0.056791 0.027573 0.001204 -0.007763 0.016634 0.008776 0.033869 0.033270 0.043472 0.115805 ) 
( 38.202324 1.342999 0.103091 0.098194 0.100665 0.077688 0.076231 0.064443 0.046210 0.034759 0.026265 -0.007918 0.021749 0.014774 0.032248 0.012716 0.040665 0.105344 ) 
( 30.714891 1.452003 0.090910 0.100325 0.090805 0.074505 0.054331 0.045187 0.051372 0.055015 0.028821 0.004117 0.031094 0.015714 0.011537 0.031725 0.042072 0.118294 ) 
( 34.796745 1.395318 0.098594 0.102934 0.104458 0.095347 0.059612 0.046163 0.061210 0.026570 0.033811 0.019180 0.023957 0.009995 0.023034 0.022186 0.060871 0.135725 ) 
( 37.067245 1.453117 0.103770 0.111668 0.107957 0.086423 0.042481 0.058789 0.041265 0.030478 0.010670 0.017737 0.010426 0.006378 0.018580 0.035598 0.031449 0.094037 ) 
( 35.363770 1.443480 0.097321 0.110364 0.103868 0.080096 0.057566 0.083215 0.077566 0.056143 0.009650 0.009660 0.022711 0.014130 0.008949 0.020035 0.030953 0.099811 ) 
( 35.154625 1.349635 0.098783 0.109860 0.097017 0.075894 0.077938 0.057575 0.068310 0.038486 0.029408 0.032731 0.016691 0.038520 0.020521 0.017097 0.041930 0.105884 ) 
( 39.990013 1.349127 0.112075 0.098205 0.104329 0.078139 0.052649 0.047018 0.059221 0.026132 0.024922 0.024945 0.006577 0.018236 0.024424 0.034600 0.039654 0.112613 ) 
( 40.382915 1.427345 0.106744 0.095129 0.091717 0.078972 0.047877 0.075273 0.068188 0.041386 0.036804 0.031366 0.013479 0.016707 0.012334 0.021087 0.029736 0.081260 ) 
( 39.950684 1.352170 0.101686 0.093279 0.117209 0.067057 0.079471 0.057775 0.046024 0.020473 0.010770 -0.001061 0.034666 0.010997 0.027843 0.022920 0.027649 0.105458 ) 
( 31.142008 1.340175 0.103331 0.101721 0.113455 0.075445 0.086088 0.040031 0.053852 0.048612 0.013756 0.022780 0.008939 0.019818 0.001184 0.028601 0.053973 0.111664 ) 
( 35.194286 1.418483 0.090641 0.097706 0.100571 0.082287 0.045831 0.061532 0.055278 0.024905 0.019911 0.038437 0.016858 0.021786 0.022797 0.027996 0.044027 0.098142 ) 
( 34.983482 1.371636 0.121517 0.113883 0.094686 0.078703 0.068154 0.064017 0.058926 0.030714 0.031052 0.023122 0.025005 0.026574 0.017430 0.014224 0.047700 0.087696 ) 
( 34.926941 1.344166 0.091325 0.098262 0.091096 0.092617 0.053789 0.058690 0.065390 0.031258 0.031007 0.013536 0.007307 0.011228 0.024904 0.021033 0.051763 0.102202 ) 
( 33.125877 1.430417 0.092604 0.089709 0.083765 0.086395 0.042993 0.051165 0.037220 0.032366 0.011152 0.010214 0.022013 0.027748 0.010634 0.020122 0.041915 0.099725 ) 
( 37.689178 1.368428 0.101162 0.099857 0.105616 0.077417 0.082631 0.058250 0.049067 0.047868 0.017374 0.005718 0.027109 0.013955 0.015667 0.035273 0.038223 0.104826 ) 
( 35.042782 1.447478 0.088770 0.096579 0.113511 0.071781 0.075648 0.053849 0.049917 0.025212 0.025525 0.027681 0.011752 0.021176 0.030632 0.023083 0.043077 0.130852 ) 
( 39.232941 1.370024 0.110401 0.098901 0.101990 0.072245 0.058256 0.045237 0.063251 0.055799 0.016322 0.031379 0.021297 0.016437 0.020776 0.027027 0.039128 0.103624 ) 
( 38.720985 1.344523 0.093560 0.114946 0.083380 0.078433 0.058560 0.071549 0.068187 0.021081 0.012667 0.008259 0.022758 0.016089 0.003993 0.006712 0.028375 0.098657 ) 
( 31.637394 1.421667 0.091083 0.087409 0.079382 0.079262 0.043266 0.054477 0.048586 0.043404 0.016847 0.015874 0.015039 0.022232 0.010798 0.037200 0.039962 0.096235 ) 
( 38.323708 1.449298 0.107608 0.087961 0.110229 0.082754 0.063496 0.051160 0.049947 0.032850 0.049096 0.010480 0.015807 0.021226 0.023595 0.029177 0.028947 0.099716 ) 
( 36.261177 1.408198 0.093910 0.087982 0.102122 0.080212 0.069224 0.062005 0.071217 0.026280 0.034667 0.010858 0.017690 0.008740 0.017391 0.021832 0.048752 0.113476 ) 
( 40.009335 1.353351 0.074375 0.092136 0.101756 0.086534 0.073053 0.037342 0.076062 0.042653 0.023219 0.023404 0.017439 0.012165 0.014794 0.042854 0.029435 0.100206 ) 
( 34.208576 1.451787 0.103275 0.113724 0.089758 0.078437 0.068609 0.054829 0.066183 0.038364 0.005360 0.018014 0.020692 0.016818 0.018991 0.012731 0.054729 0.091805 ) 
( 37.786201 1.413786 0.095518 0.100944 0.096335 0.072956 0.052990 0.041581 0.069706 0.052983 0.017591 0.023154 0.024467 0.010309 0.004959 0.028080 0.044305 0.088963 ) 
( 39.637619 1.441658 0.096156 0.088951 0.105413 0.083158 0.061330 0.065242 0.064817 0.047305 0.015337 0.025120 0.020474 0.011459 0.013160 0.019224 0.045262 0.113206 ) 
( 39.025551 1.375325 0.117910 0.108125 0.105523 0.097102 0.062972 0.052017 0.051677 0.038175 0.017397 0.021535 0.008463 0.023583 0.011072 0.024201 0.024623 0.095101 ) 
( 39.433395 1.338252 0.102472 0.113794 0.077813 0.072833 0.065772 0.043260 0.062503 0.033629 0.038434 0.027222 0.012805 0.028311 0.024464 0.033258 0.038907 0.092875 ) 
( 33.496983 1.450957 0.100518 0.096059 0.098706 0.100887 0.059617 0.045709 0.053953 0.032542 0.021394 0.033652 0.002770 0.025915 0.009218 0.037050 0.040890 0.105475 ) 
( 30.881159 1.438485 0.101792 0.085085 0.093184 0.060472 0.080259 0.058664 0.071835 0.031923 0.038080 0.012063 0.024393 0.022750 0.017952 0.042938 0.024872 0.110927 ) 
( 33.132256 1.448281 0.094933 0.106759 0.116968 0.079156 0.068314 0.052049 0.068269 0.028851 0.016804 0.000968 0.002911 0.027478 0.018280 0.036996 0.033486 0.088091 ) 
( 32.530373 1.357741 0.115927 0.103188 0.105251 0.073214 0.051543 0.068834 0.048892 0.027301 0.039970 0.001449 0.018564 0.024540 0.021610 0.025838 0.028197 0.102001 ) 
( 32.984947 1.425646 0.118292 0.098897 0.103453 0.061702 0.060956 0.052785 0.058876 0.024052 0.030364 0.017454 0.039363 0.019444 0.028827 0.040408 0.034792 0.100323 ) 
( 40.100063 1.459981 0.084555 0.105616 0.101202 0.075499 0.079118 0.052423 0.045816 0.036645 0.005071 0.004871 0.000019 0.011901 0.037458 0.006316 0.065316 0.118778 ) 
( 23.353109 2.952338 0.093479 0.115387 0.091123 0.091314 0.104823 0.078124 0.111867 0.072145 0.029255 0.037948 0.032327 0.042412 0.033646 0.047680 0.056671 0.049368 ) 
( 23.698751 4.332061 0.067585 0.073873 0.093088 0.094219 0.101276 0.102662 0.108967 0.113816 0.111274 0.107862 0.111258 0.083496 0.099366 0.099416 0.062492 0.067252 ) 
( 25.771210 5.891244 0.081225 0.082074 0.091148 0.062262 0.057920 0.021785 0.038869 0.057643 0.077992 0.098847 0.100223 0.097951 0.094986 0.090673 0.096982 0.097275 ) 
( 31.501211 1.389054 0.098630 0.109703 0.117892 0.048112 0.047929 0.058577 0.051431 0.032614 0.024689 0.021393 0.040385 0.026423 0.018346 0.033447 0.046870 0.101760 ) 
( 35.212898 1.405736 0.104067 0.105491 0.098703 0.094231 0.051222 0.061520 0.048501 0.054442 0.017791 0.030863 0.006337 0.016238 0.029451 0.027529 0.037679 0.112513 ) 
( 34.321484 1.368824 0.102425 0.082081 0.096826 0.083726 0.068647 0.063800 0.052763 0.038097 0.018215 0.001206 0.009379 0.011371 0.023206 0.027379 0.057240 0.103507 ) 
( 30.868641 1.359507 0.098488 0.113796 0.102091 0.074711 0.057694 0.067756 0.057443 0.059966 0.010604 0.026123 0.006205 0.006927 0.037896 0.028352 0.047624 0.102422 ) 
( 35.493450 1.335606 0.091259 0.094869 0.090350 0.075570 0.062768 0.042163 0.074836 0.029565 0.015844 0.025224 0.022188 0.044893 0.015582 0.030255 0.043233 0.094641 ) 
( 30.605930 1.396314 0.105495 0.101391 0.094333 0.094353 0.055142 0.039906 0.055508 0.037103 0.023592 0.025751 0.033360 0.014224 0.024311 0.020028 0.054448 0.109130 ) 
( 32.689713 1.374679 0.087398 0.091747 0.107175 0.078567 0.054088 0.059640 0.061987 0.043891 0.042754 0.005828 -0.000572 0.010806 0.013389 0.019614 0.044773 0.099303 ) 
( 37.421402 1.392397 0.099718 0.106415 0.085485 0.089342 0.070915 0.054192 0.056060 0.034315 0.003083 0.015072 0.026751 0.020659 0.023682 0.022752 0.038613 0.099090 ) 
( 34.832672 1.324584 0.113968 0.077674 0.099649 0.088794 0.066341 0.055883 0.069027 0.031572 0.004989 0.010886 0.018336 0.032059 0.027936 0.024600 0.051368 0.113042 ) 
( 32.007385 1.370166 0.117157 0.099846 0.112616 0.072825 0.069487 0.044104 0.052120 0.032189 0.022230 0.018615 0.028502 0.032828 0.030790 0.021822 0.043518 0.082704 ) 
( 29.105663 1.363236 0.109830 0.108060 0.096014 0.058097 0.059367 0.062606 0.047989 0.034234 0.035643 0.028580 0.022289 0.025882 0.027315 0.015751 0.053683 0.119549 ) 
( 29.983187 1.421261 0.096627 0.102298 0.102748 0.072700 0.046373 0.047003 0.062680 0.029491 0.026850 0.004112 0.014738 0.007817 0.001797 0.026388 0.060326 0.095707 ) 
( 35.106441 1.393903 0.083689 0.120572 0.102174 0.077232 0.063146 0.063393 0.051594 0.031446 0.038749 0.022938 0.025002 0.024027 0.017891 0.008929 0.048569 0.106697 ) 
( 33.535419 1.379265 0.090772 0.098123 0.107944 0.076525 0.070126 0.059315 0.070471 0.040994 0.045660 0.024685 0.008387 0.010748 0.033147 0.020038 0.052019 0.101291 ) 
( 35.093796 1.410186 0.104596 0.077348 0.093881 0.068276 0.060833 0.071805 0.054418 0.052786 0.037865 0.017247 0.010291 0.023137 0.017685 0.033550 0.052626 0.094073 ) 
( 32.049652 1.413008 0.084294 0.091897 0.094637 0.068937 0.053895 0.054503 0.067599 0.030254 0.013290 0.013470 0.023911 0.020245 0.026052 0.034938 0.051519 0.092792 ) 
( 38.162685 1.343090 0.103838 0.091407 0.098731 0.072778 0.071157 0.054811 0.052311 0.052617 0.015972 0.020146 0.004978 0.018044 0.023088 0.014913 0.044315 0.089052 ) 
( 33.709373 1.368674 0.105679 0.118492 0.107176 0.070252 0.059234 0.061573 0.060553 0.037368 0.028899 0.003431 0.015132 0.001462 0.020955 0.030523 0.051439 0.113364 ) 
( 37.737015 1.397089 0.108510 0.091221 0.105396 0.071362 0.057220 0.038712 0.046556 0.035655 0.013814 0.020196 0.026794 0.016180 0.024062 0.020763 0.029777 0.119255 ) 
( 34.351707 1.417370 0.115491 0.105479 0.091911 0.053310 0.062460 0.059486 0.051973 0.020625 0.027850 0.017522 0.025030 -0.001857 0.030330 0.022077 0.036810 0.104587 ) 
( 32.049999 1.378706 0.084736 0.094736 0.114056 0.081523 0.059675 0.048209 0.069272 0.047097 0.019778 0.030499 0.037846 0.017796 0.033883 0.021160 0.051311 0.100480 ) 
( 29.970997 1.362653 0.080993 0.088473 0.097287 0.066659 0.032898 0.056196 0.067319 0.029770 0.034906 0.031374 0.028929 0.017084 0.025590 0.034035 0.053357 0.107521 ) 
( 38.509819 1.419328 0.104780 0.102502 0.097288 0.064175 0.067057 0.054214 0.043476 0.040229 0.036704 0.019454 0.009005 0.017436 0.010257 0.025129 0.043788 0.095315 ) 
( 35.600243 1.349342 0.104233 0.098983 0.122507 0.079920 0.062890 0.058608 0.050913 0.046261 0.026613 0.034287 0.015800 0.009354 0.033210 0.025609 0.046506 0.094483 ) 
( 35.780190 1.356612 0.102047 0.108936 0.101767 0.086473 0.043087 0.048447 0.054340 0.016122 0.034908 0.027316 0.041484 0.032300 0.017317 0.026403 0.049882 0.094984 ) 
( 34.649235 1.428811 0.136815 0.117056 0.091649 0.068812 0.063992 0.070859 0.071538 0.035806 0.047962 0.045940 0.015297 0.043071 0.021011 0.011446 0.049729 0.107136 ) 
( 29.933542 1.360414 0.112090 0.117296 0.105338 0.064577 0.060419 0.066002 0.057177 0.042336 0.023341 0.028510 0.013011 0.019938 0.044681 0.018057 0.054422 0.108675 ) 
( 36.774094 1.360872 0.101023 0.110045 0.106196 0.066394 0.062667 0.045513 0.067725 0.027997 0.028364 0.029741 0.020515 0.004089 0.025268 0.031265 0.049577 0.115046 ) 
( 38.069626 1.393071 0.090089 0.089363 0.083184 0.079703 0.052952 0.064209 0.039399 0.031598 0.012275 0.026652 0.009021 0.004521 0.029181 0.038619 0.036793 0.097408 ) 
( 37.322876 1.352478 0.092842 0.094465 0.087788 0.067645 0.049369 0.034287 0.064386 0.030260 0.003528 0.012813 0.021322 0.027069 0.026825 0.036996 0.054298 0.099235 ) 
( 35.997284 1.322253 0.094390 0.104716 0.106915 0.074616 0.039706 0.054241 0.047076 0.040849 0.029618 0.020431 0.012328 0.012506 0.030389 0.020642 0.061896 0.102908 ) 
( 30.456619 1.351897 0.089352 0.102821 0.102332 0.080112 0.057487 0.059938 0.050791 0.025068 0.019635 0.024351 0.010247 0.025862 0.037301 0.041532 0.048037 0.090603 ) 
( 33.257523 1.395753 0.104836 0.105710 0.104833 0.077175 0.074521 0.051871 0.066258 0.054354 0.016742 0.021963 0.006881 0.036768 0.010459 0.021461 0.053227 0.090422 ) 
( 34.857838 1.371295 0.093415 0.098673 0.107431 0.070704 0.055060 0.053959 0.042482 0.030923 0.031989 0.017571 0.027368 0.014668 0.027904 0.026173 0.042036 0.129837 ) 
( 34.471596 1.365254 0.086459 0.106361 0.104399 0.070019 0.062185 0.053570 0.050899 0.022400 0.030371 0.022612 0.014595 0.030853 0.019276 0.037285 0.056296 0.091288 ) 
( 38.693932 1.368815 0.101070 0.109052 0.085878 0.075918 0.062024 0.045742 0.032756 0.028748 0.027570 0.022679 0.033259 0.027133 0.015119 0.049537 0.031350 0.093875 ) 
( 29.365654 1.391029 0.118399 0.095429 0.093740 0.075656 0.062791 0.054053 0.053649 0.034898 0.021767 0.011073 0.028175 0.028643 0.038389 0.035081 0.053411 0.116846 ) 
( 34.793625 1.343108 0.095499 0.084965 0.094573 0.067142 0.069265 0.057109 0.062819 0.011842 0.037883 0.016342 0.019948 0.025127 0.020448 0.020729 0.047460 0.096525 ) 
( 32.514595 1.355726 0.087965 0.101385 0.119773 0.058928 0.075529 0.035850 0.047661 0.035409 0.038044 0.013898 0.033039 0.000714 0.011132 0.042926 0.031693 0.098259 ) 
( 38.655384 1.381287 0.094386 0.103945 0.096981 0.080955 0.043287 0.070658 0.055562 0.033836 0.018195 0.016299 0.012830 0.020131 0.009205 0.026749 0.057388 0.104227 ) 
( 37.990120 1.328381 0.102705 0.099754 0.109071 0.075693 0.079147 0.046385 0.080791 0.053739 0.024672 0.019538 0.032341 0.028359 0.009331 0.035643 0.044283 0.098376 ) 
( 30.176487 1.385161 0.104106 0.104344 0.081301 0.071547 0.062043 0.071180 0.040232 0.024019 0.032546 0.027070 0.033216 0.020949 0.022315 0.044174 0.042609 0.092412 ) 
( 38.239498 1.425759 0.073285 0.086271 0.091893 0.061922 0.059894 0.046059 0.055927 0.061753 0.010677 0.011287 0.010213 0.010127 0.024453 0.022304 0.041893 0.106859 ) 
( 30.294670 1.329670 0.115433 0.102505 0.095603 0.095056 0.051731 0.051214 0.051231 0.032031 0.006901 0.016594 0.007051 0.022201 0.005874 0.031680 0.054053 0.086137 ) 
( 35.584484 1.312272 0.099988 0.121643 0.107488 0.074891 0.053072 0.049370 0.069699 0.036072 0.041899 0.020552 0.021442 0.017582 0.033528 0.016178 0.059051 0.113016 ) 
( 34.671120 1.368488 0.086115 0.104063 0.102066 0.065279 0.065634 0.055399 0.047921 0.047291 0.029123 0.018855 0.009852 0.020496 0.037019 0.039806 0.039916 0.112688 ) 
( 38.407516 1.334259 0.116820 0.122846 0.102065 0.069161 0.062350 0.047845 0.052909 0.035369 0.040921 -0.000858 0.017236 0.016851 0.026232 0.048486 0.045879 0.104534 ) 
( 30.156767 1.406741 0.108965 0.099118 0.097783 0.069987 0.074511 0.058544 0.043555 0.022749 0.028158 0.027877 0.025235 0.012658 0.025282 0.030248 0.045383 0.081694 ) 
( 36.506184 1.385538 0.102206 0.113484 0.088670 0.059724 0.060574 0.050845 0.042357 0.048618 0.017398 0.036772 0.023889 0.026995 -0.003296 0.030681 0.050198 0.118316 ) 
( 38.796925 1.391803 0.109988 0.094825 0.107473 0.091756 0.055614 0.047117 0.053483 0.037888 0.037003 0.000357 0.016914 0.035700 0.029415 0.033942 0.059703 0.118837 ) 
( 34.207802 1.370198 0.106820 0.101010 0.088622 0.083024 0.068794 0.058866 0.052819 0.024497 0.023811 0.014268 0.020801 0.035709 0.027123 0.030929 0.044806 0.107463 ) 
( 32.561085 1.406213 0.094131 0.095936 0.090275 0.083316 0.053855 0.053883 0.053100 0.040968 0.012161 0.017047 0.008170 0.022416 0.029669 0.026348 0.051867 0.092281 ) 
( 30.408346 1.389784 0.112683 0.105561 0.105790 0.074678 0.060105 0.061530 0.055443 0.035637 0.018656 0.003481 0.029010 0.018297 0.022747 0.002317 0.048899 0.117392 ) 
( 29.096712 1.429925 0.103172 0.097829 0.098967 0.087272 0.046729 0.044399 0.050268 0.041891 0.017765 0.021142 0.021235 0.028277 0.017998 0.040817 0.041263 0.096725 ) 
( 34.611191 1.363347 0.115547 0.110546 0.110544 0.073805 0.073914 0.055391 0.075634 0.016463 0.009085 0.020166 0.037872 0.008205 0.020575 0.036758 0.073865 0.107808 ) 
( 30.712677 1.373485 0.088900 0.097096 0.081154 0.074886 0.057613 0.057778 0.056578 0.047099 0.013016 0.015233 0.020152 0.024908 0.025686 0.019881 0.041726 0.093309 ) 
( 37.650864 1.401408 0.091066 0.099361 0.112223 0.073338 0.064755 0.055301 0.077380 0.043248 0.047198 0.011122 0.023667 0.021653 0.014898 0.048400 0.045907 0.106914 ) 
( 30.581215 1.346447 0.113203 0.113211 0.110649 0.063664 0.072043 0.065172 0.064204 0.023583 0.036845 0.010685 0.006933 0.017772 0.035567 0.013643 0.037665 0.105323 ) 
( 37.673618 1.308861 0.101992 0.099141 0.094377 0.063706 0.050573 0.029386 0.064820 0.041199 0.041932 0.026751 0.024116 0.038571 0.024894 0.037495 0.028922 0.117082 ) 
( 37.538166 1.348003 0.112074 0.126148 0.122762 0.067198 0.061683 0.062109 0.045322 0.030925 0.028838 0.019252 0.018055 0.018429 0.027596 0.017351 0.052269 0.118641 ) 
( 33.993069 1.371359 0.104146 0.105047 0.106159 0.059285 0.066724 0.057140 0.059841 0.028581 0.038041 0.010506 0.004456 0.014212 0.024972 0.043854 0.049342 0.113063 ) 
( 31.104986 1.381135 0.108307 0.108610 0.105455 0.065564 0.058978 0.039891 0.072969 0.040551 0.004584 0.036555 0.012253 0.033620 0.026745 0.018633 0.052655 0.124058 ) 
( 38.638554 1.413987 0.114852 0.102073 0.104426 0.070674 0.045193 0.043480 0.052926 0.041049 0.013662 0.017809 0.032027 0.019654 0.017007 0.027871 0.029850 0.099447 ) 
( 30.455500 1.370438 0.099274 0.108265 0.094999 0.079239 0.068526 0.056117 0.072805 0.035491 0.038059 0.015313 0.005918 0.012195 0.022850 0.022324 0.050047 0.092882 ) 
( 30.454563 1.401863 0.100487 0.086114 0.105728 0.075417 0.065543 0.033942 0.048441 0.015489 0.014597 0.009479 0.016141 0.028990 0.014763 0.025585 0.055954 0.105388 ) 
( 35.899654 1.334183 0.102651 0.097854 0.106563 0.064192 0.040950 0.049576 0.044290 0.039332 0.016743 0.025664 0.025450 0.017986 0.039351 0.030137 0.047028 0.109517 ) 
( 30.387300 1.433163 0.111571 0.102682 0.079174 0.069014 0.061243 0.050215 0.058159 0.041258 0.018001 0.016275 0.016850 0.030191 0.040678 0.028990 0.043068 0.104371 ) 
( 29.538191 1.372955 0.104356 0.081458 0.088850 0.071013 0.057815 0.051008 0.046482 0.042160 0.018204 0.040316 0.034317 0.015001 0.026381 0.044365 0.037057 0.086990 ) 
( 34.941853 1.433870 0.098492 0.102328 0.089135 0.076546 0.072611 0.057739 0.044379 0.042400 0.032315 0.017925 0.008122 0.012196 0.033238 0.019776 0.030671 0.108961 ) 
( 32.820812 1.362724 0.089426 0.102847 0.096505 0.068377 0.069950 0.061090 0.068569 0.011079 0.014593 0.014179 0.014806 -0.006129 0.004552 0.025353 0.063149 0.111195 ) 
( 38.817268 1.411693 0.106868 0.101267 0.085767 0.061092 0.047313 0.049343 0.061004 0.048764 0.025863 0.010848 0.002927 0.018426 0.016725 0.003189 0.065138 0.090079 ) 
( 36.402790 1.314343 0.097949 0.107128 0.100571 0.062243 0.061412 0.058651 0.071937 0.032577 0.031858 0.034001 0.016505 0.030017 0.036656 0.024007 0.037414 0.100844 ) 
( 32.600929 1.429247 0.105630 0.083422 0.113090 0.089326 0.075646 0.071782 0.053206 0.027795 0.014640 0.005383 0.010043 0.020088 0.036580 0.014718 0.056733 0.092911 ) 
( 26.064259 3.033297 0.077967 0.107394 0.085712 0.079161 0.098548 0.114421 0.093285 0.074224 0.063248 0.022131 0.042568 0.016012 0.025889 0.030964 0.049006 0.037987 ) 
( 22.619423 4.345851 0.056984 0.093841 0.079853 0.102293 0.112962 0.076001 0.093298 0.089775 0.093031 0.090290 0.114034 0.104356 0.087036 0.088010 0.058136 0.049790 ) 
( 30.557272 5.895433 0.079506 0.087335 0.092912 0.058630 0.033634 0.045508 0.057495 0.055253 0.066071 0.097328 0.110263 0.110384 0.119857 0.099499 0.107018 0.112620 ) 
( 44.578499 5.739715 0.095905 0.045803 0.033738 0.024612 0.007144 0.005029 0.022899 -0.000405 0.033521 0.033635 0.096152 0.103928 0.114908 0.106323 0.100021 0.093891 ) 
( 44.142067 5.765040 0.103568 0.058813 0.034599 0.034478 0.038974 -0.010112 0.020762 0.044783 0.014937 0.051133 0.103778 0.111665 0.103088 0.093060 0.104139 0.096497 ) 
( 48.730331 5.726006 0.103366 0.054794 0.032158 0.019437 0.016803 0.022621 0.011404 0.017847 0.025951 0.034607 0.123531 0.119055 0.092592 0.088135 0.105765 0.107100 ) 
( 42.788792 5.744128 0.091029 0.076141 0.015971 0.021068 0.026081 0.042127 0.002039 0.018898 0.034229 0.032106 0.113595 0.085778 0.106386 0.095460 0.102436 0.096649 ) 
( 46.615715 5.800414 0.094982 0.055441 0.030183 0.021468 0.016437 0.021693 0.012219 0.010890 0.000907 0.040986 0.093056 0.122368 0.098664 0.103253 0.104401 0.094583 ) 
( 47.210037 5.741911 0.096408 0.075843 0.021952 0.015610 0.013352 0.023461 0.021103 0.010965 0.021937 0.039004 0.105553 0.093712 0.118231 0.102702 0.099172 0.099497 ) 
( 42.713543 5.751921 0.103788 0.060644 0.033552 0.002482 0.007862 0.002072 0.018875 0.025038 0.009032 0.040601 0.105940 0.097235 0.086721 0.083288 0.125338 0.089465 ) 
( 45.788200 5.746126 0.089874 0.062985 0.023633 0.033714 -0.001176 0.010057 0.032525 0.023763 0.042135 0.031861 0.092703 0.094592 0.095252 0.103804 0.086212 0.104281 ) 
( 47.682186 5.723537 0.112020 0.053215 0.042830 0.012011 0.011364 -0.002214 0.009216 0.022978 0.019359 0.033921 0.105811 0.115167 0.123195 0.098548 0.082000 0.092266 ) 
( 41.834259 5.787654 0.116608 0.070752 0.034560 0.008479 0.035534 0.010884 0.013172 0.031252 0.014107 0.032356 0.097529 0.108861 0.104995 0.096803 0.099456 0.101422 ) 
( 45.848656 5.820799 0.096510 0.043329 0.022552 0.016246 0.019989 0.021715 0.005455 0.014645 0.004439 0.032233 0.094213 0.089620 0.085696 0.111049 0.087681 0.108151 ) 
( 45.055630 5.789898 0.114577 0.064881 0.022059 0.015512 0.026760 0.011573 0.006081 0.010726 0.037860 0.030999 0.067738 0.108550 0.087939 0.097547 0.108060 0.098961 ) 
( 47.902897 5.780434 0.096313 0.037620 0.020563 0.029258 0.008816 0.022000 0.029546 0.008364 0.038775 0.050479 0.102466 0.083400 0.077980 0.105697 0.090622 0.090710 ) 
( 48.896069 5.733427 0.084812 0.054587 0.017699 0.039873 0.010006 0.018779 0.011955 0.018464 0.019180 0.040888 0.093578 0.103400 0.101187 0.101828 0.111563 0.087775 ) 
( 48.957752 5.819738 0.107473 0.066848 0.020516 0.018658 0.022764 0.005636 0.023468 0.018468 0.019585 0.035865 0.099224 0.104948 0.105479 0.091979 0.092621 0.109067 ) 
( 41.870678 5.775743 0.103731 0.070876 0.033214 0.025949 0.033949 0.013378 0.026317 0.023840 0.024058 0.033220 0.086585 0.099919 0.105042 0.116535 0.089956 0.101588 ) 
( 41.071411 5.756153 0.104652 0.054408 0.034163 0.025684 0.012195 0.029282 -0.008564 0.010509 0.023792 0.035471 0.098709 0.090111 0.108539 0.103745 0.087673 0.105768 ) 
( 41.617455 5.745653 0.092778 0.061514 0.024283 0.030673 0.028443 0.016541 0.014458 0.016121 0.045326 0.030686 0.103135 0.095026 0.107301 0.102542 0.103359 0.117187 ) 
( 48.577034 5.747974 0.098593 0.046369 0.037263 0.026422 0.008047 0.018032 0.035771 0.031040 0.018529 0.035758 0.100282 0.084989 0.093089 0.103890 0.106234 0.121960 ) 
( 40.751045 5.753819 0.103694 0.056293 0.022841 0.008743 0.016474 0.018275 0.016539 0.022720 0.019163 0.037228 0.090524 0.110224 0.104228 0.102162 0.108121 0.104007 ) 
( 40.968494 5.762167 0.090627 0.064338 0.024114 0.012681 -0.004614 0.015481 0.014102 0.017149 0.015455 0.004406 0.096450 0.091223 0.099537 0.109046 0.113953 0.102671 ) 
( 49.185017 5.782676 0.099706 0.076013 0.029023 0.037154 0.013805 0.021863 0.008117 0.029222 0.016247 0.031054 0.103082 0.103558 0.098141 0.094474 0.089973 0.097722 ) 
( 43.507092 5.740314 0.106515 0.078139 0.033097 0.015867 0.007572 0.011951 0.019447 -0.002619 0.034879 0.041976 0.104947 0.099582 0.105299 0.094258 0.098785 0.100606 ) 
( 50.151718 5.764500 0.104778 0.047760 0.035853 0.008720 0.030945 0.029964 0.009278 0.015345 0.027219 0.040867 0.115424 0.096938 0.125819 0.108361 0.107143 0.116663 ) 
( 45.568230 5.794809 0.109567 0.064503 0.048096 0.034595 0.029539 0.008429 0.006482 0.019063 0.018196 0.022356 0.095159 0.099317 0.118127 0.110837 0.091422 0.101196 ) 
( 48.003559 5.731872 0.099794 0.070917 0.024408 0.009846 0.015620 -0.001368 0.011777 0.032411 0.009371 0.029494 0.079900 0.100996 0.095090 0.115783 0.112121 0.097546 ) 
( 50.314342 5.773775 0.080596 0.048028 0.033769 0.028840 0.020650 0.009967 0.032445 0.013840 0.022413 0.028256 0.110679 0.092954 0.098764 0.107613 0.092094 0.101101 ) 
( 41.978241 5.824276 0.103113 0.068966 0.023914 0.028982 0.011079 0.012607 0.033775 0.014434 0.008189 0.032023 0.101747 0.113953 0.094899 0.098801 0.090029 0.105547 ) 
( 48.576637 5.832025 0.097685 0.057219 0.014903 0.006362 0.026899 0.000609 0.015857 0.042307 0.012342 0.045805 0.117926 0.098533 0.086929 0.096578 0.087510 0.115333 ) 
( 42.007141 5.834035 0.103609 0.058670 0.016703 0.035338 0.012639 0.025266 0.009582 0.019902 0.035797 0.046969 0.103779 0.102408 0.097556 0.102045 0.086992 0.097973 ) 
( 47.480362 5.721221 0.111829 0.045507 0.033835 0.008041 0.025982 0.020105 0.024130 0.013986 0.014693 0.041662 0.114729 0.099038 0.095094 0.103063 0.096716 0.090971 ) 
( 50.044163 5.777912 0.093196 0.052637 0.037885 0.023527 0.028988 -0.013774 0.007883 0.015004 0.030659 0.027258 0.094962 0.102770 0.086150 0.116069 0.095055 0.104670 ) 
( 48.734486 5.723652 0.096471 0.048800 0.029515 0.002243 0.015049 0.001470 0.004637 0.024300 0.036613 0.048862 0.108587 0.081783 0.114420 0.103063 0.096634 0.103571 ) 
( 41.117405 5.807465 0.108133 0.052434 0.024486 0.014711 0.017254 0.015794 0.006701 0.007747 0.016511 0.033221 0.098779 0.100389 0.090458 0.095335 0.101544 0.104650 ) 
( 42.225468 5.825072 0.108060 0.046826 0.016455 0.001086 -0.011740 0.014468 0.020192 0.008772 0.022648 0.055410 0.108016 0.105957 0.106573 0.113045 0.106778 0.102171 ) 
( 48.032566 5.759706 0.093215 0.049993 0.035804 0.016143 0.019979 -0.000372 0.019456 0.013671 0.022342 0.035979 0.106717 0.107527 0.110204 0.110796 0.089473 0.085434 ) 
( 43.184566 5.723781 0.097954 0.066438 0.004271 0.030118 0.015696 0.035347 0.020007 0.027629 0.027229 0.035340 0.109388 0.082004 0.122347 0.082565 0.087645 0.109722 ) 
( 47.502975 5.761246 0.100280 0.061305 0.011664 0.027069 0.003086 0.010691 0.005869 0.029515 0.010701 0.030165 0.114535 0.109612 0.096088 0.115391 0.096276 0.107838 ) 
( 43.269997 5.822421 0.116774 0.063222 0.039889 0.035015 0.013076 -0.000428 0.010201 0.013049 0.019215 0.036707 0.104624 0.101377 0.105139 0.110717 0.105066 0.087933 ) 
( 46.117405 5.815401 0.102261 0.060314 0.010156 0.035660 0.020519 0.021179 0.012316 0.012698 -0.000627 0.046244 0.101812 0.097532 0.104317 0.111444 0.102911 0.090038 ) 
( 45.032127 5.762113 0.096855 0.032204 0.016295 0.021359 0.016784 0.032748 0.044329 0.020416 0.044028 0.039983 0.101739 0.087382 0.088882 0.098095 0.103189 0.114351 ) 
( 48.376938 5.753849 0.106366 0.064932 0.042449 0.003790 0.016752 0.016519 0.006505 0.005821 0.018556 0.040048 0.093843 0.104212 0.083830 0.102732 0.106859 0.096174 ) 
( 44.444820 5.777641 0.091598 0.081627 0.037179 0.016933 0.024596 0.013098 0.010409 0.016865 0.012784 0.026380 0.103457 0.093324 0.101204 0.104249 0.116307 0.080253 ) 
( 48.256672 5.785834 0.085413 0.089024 0.034916 0.023400 0.022653 0.032622 0.024068 -0.002592 0.027166 0.043982 0.111625 0.088889 0.102077 0.088460 0.108119 0.114380 ) 
( 49.650856 5.834767 0.096913 0.057107 0.019075 0.023824 0.014589 0.016191 0.011409 0.006884 0.016956 0.029080 0.091264 0.119182 0.085554 0.089874 0.094525 0.105681 ) 
( 46.264053 5.815499 0.099961 0.049995 0.019669 0.026349 0.004001 0.001284 0.004639 0.024109 0.022119 0.037673 0.093889 0.098739 0.098453 0.087476 0.088405 0.106247 ) 
( 49.717468 5.761209 0.094338 0.065912 0.019109 0.030042 0.025553 -0.000902 0.033270 0.023990 -0.002269 0.019592 0.106962 0.096642 0.092202 0.084654 0.111556 0.099810 ) 
( 45.834465 5.772182 0.101544 0.059240 0.013377 0.025496 0.022547 0.022749 0.004578 0.030150 0.022938 0.038865 0.099054 0.101247 0.098192 0.104341 0.087835 0.093716 ) 
( 41.938831 5.737473 0.090253 0.062496 0.021076 0.036118 0.022167 0.019693 0.005873 0.006217 0.026642 0.011615 0.107455 0.099346 0.088387 0.097215 0.100179 0.089985 ) 
( 45.453827 5.797188 0.103933 0.054455 0.020462 0.024569 0.013922 0.024296 0.011642 0.014309 0.022843 0.030223 0.106240 0.095687 0.105586 0.096675 0.098138 0.094995 ) 
( 40.470886 5.771126 0.088061 0.050283 0.034718 0.008937 0.028333 0.002640 0.016280 0.017417 0.006918 0.042317 0.090681 0.101394 0.101433 0.097287 0.091451 0.099523 ) 
( 46.225418 5.739924 0.103602 0.033548 0.020510 0.032103 0.016193 0.013989 0.033535 0.019920 0.029792 0.041350 0.112000 0.104341 0.088402 0.095358 0.113101 0.096224 ) 
( 41.167206 5.828459 0.102275 0.072074 0.031170 0.025199 0.019080 0.019710 0.007133 0.018601 0.029053 0.022678 0.094208 0.112714 0.101762 0.103121 0.112070 0.093352 ) 
( 47.706226 5.802115 0.118944 0.052793 0.027517 0.027517 0.030657 0.009313 0.018021 0.009270 0.014007 0.036940 0.102782 0.107915 0.115629 0.110045 0.109061 0.092493 ) 
( 46.402679 5.788617 0.110511 0.061544 0.023376 0.024581 0.015791 0.018097 0.029099 -0.005145 0.005641 0.015200 0.108030 0.102770 0.104414 0.096527 0.094600 0.117086 ) 
( 42.030975 5.715595 0.090925 0.069935 0.019384 0.030807 0.012347 0.009781 0.009663 0.022423 0.011792 0.039231 0.093206 0.087890 0.109420 0.100932 0.109727 0.108917 ) 
( 40.900925 5.831347 0.105209 0.065038 0.023153 0.023235 0.002807 0.005767 0.019750 0.021924 0.010170 0.030183 0.105146 0.114405 0.107260 0.117669 0.097532 0.092534 ) 
( 46.957897 5.715358 0.102796 0.053074 0.050468 0.014431 0.004033 0.007532 0.008591 0.028524 0.033377 0.024251 0.097806 0.100901 0.098782 0.084258 0.103917 0.101099 ) 
( 43.000179 5.769531 0.104595 0.059655 0.028116 0.016839 0.010785 0.014935 0.013746 0.023327 0.007971 0.019330 0.103797 0.102085 0.107746 0.113182 0.107860 0.087343 ) 
( 48.157150 5.748726 0.086523 0.072914 0.015467 0.007747 0.024534 0.029507 0.019016 0.000452 0.023701 0.038905 0.100960 0.098092 0.100723 0.095393 0.087638 0.092092 ) 
( 42.731823 5.758445 0.102854 0.055777 0.028516 0.012212 0.033037 0.026458 0.011860 0.026385 0.019592 0.042211 0.102094 0.094016 0.096784 0.094513 0.086887 0.098981 ) 
( 42.793995 5.817756 0.104591 0.062048 0.035154 0.028901 0.020166 -0.011238 0.030290 0.011403 0.035954 0.036168 0.092522 0.096776 0.098551 0.101362 0.092078 0.097439 ) 
( 46.056419 5.797912 0.097345 0.065849 0.031021 0.013596 0.024602 0.009718 0.005520 0.014663 0.024650 0.033690 0.105692 0.095210 0.093794 0.099106 0.109242 0.097583 ) 
( 46.069824 5.779738 0.108558 0.050319 0.017271 0.017770 0.009466 0.009970 0.014410 0.021401 0.025467 0.024972 0.095690 0.092808 0.100706 0.091754 0.088329 0.082070 ) 
( 43.295132 5.729620 0.114248 0.055090 0.028667 0.008574 0.026150 0.018395 0.022533 0.005136 0.030655 0.034791 0.100724 0.111456 0.103265 0.094915 0.110190 0.099530 ) 
( 46.737034 5.791312 0.099528 0.060178 0.029140 0.044166 0.022190 0.011318 0.007172 0.031854 0.046011 0.029262 0.104533 0.120508 0.111297 0.105711 0.090658 0.107902 ) 
( 41.689499 5.740416 0.101926 0.071670 0.016131 0.017386 0.005049 0.026509 0.006001 0.002316 0.027428 0.044326 0.092180 0.098488 0.092366 0.080589 0.086430 0.095761 ) 
( 50.238251 5.773353 0.092291 0.078489 0.007854 0.038184 0.005673 0.002187 0.038523 0.028816 0.024317 0.031794 0.085072 0.101778 0.097918 0.091521 0.119838 0.093683 ) 
( 48.488220 5.730495 0.118091 0.065128 0.022826 0.010858 0.030725 0.006528 0.002282 0.024403 0.018395 0.069472 0.105392 0.100209 0.100897 0.099961 0.094408 0.096855 ) 
( 46.913673 5.797107 0.096208 0.063261 0.012409 0.010022 0.014296 0.013345 0.028228 0.015351 0.041730 0.031500 0.099546 0.096817 0.090598 0.102000 0.084411 0.075760 ) 
( 46.309090 5.790652 0.066507 0.046007 0.019319 0.031181 0.012908 -0.005318 0.028167 0.026203 0.023171 0.047262 0.096265 0.116615 0.109066 0.090698 0.104099 0.089196 ) 
( 40.612732 5.755270 0.094239 0.066203 0.035987 0.027744 0.014675 0.019453 0.017741 -0.008559 0.016081 0.039957 0.100007 0.114963 0.097250 0.103763 0.105713 0.097276 ) 
( 42.536713 5.806756 0.091856 0.059563 0.014186 0.025696 -0.007893 0.018689 0.018182 0.023323 0.022238 0.027668 0.116951 0.118666 0.108304 0.104624 0.106644 0.108803 ) 
( 49.692841 5.823179 0.098538 0.063851 0.026276 0.015906 -0.000551 0.016081 0.016779 0.019431 0.015644 0.035451 0.109555 0.113551 0.113912 0.097598 0.100987 0.076923 ) 
( 41.160702 5.749922 0.100068 0.063458 0.036178 0.030340 0.010611 0.025988 0.020032 0.032661 0.025486 0.037201 0.105580 0.110116 0.091022 0.104382 0.104360 0.109201 ) 
( 48.970299 5.713281 0.102244 0.069970 0.047017 0.020274 0.009463 0.014717 0.001497 0.014219 0.019206 0.041098 0.096568 0.114929 0.104683 0.108241 0.121900 0.094278 ) 
( 48.535095 5.764949 0.091673 0.059245 0.017904 0.035626 0.004886 0.010805 0.007826 0.019034 0.021449 0.033467 0.099268 0.105751 0.110618 0.098351 0.118347 0.112457 ) 
( 46.132759 5.828408 0.096969 0.054484 0.026309 0.008555 0.014331 0.021011 0.024759 0.014946 0.021062 0.045460 0.097462 0.089192 0.101612 0.094950 0.093871 0.105292 ) 
( 42.638962 5.735073 0.116289 0.063336 0.021428 0.026561 0.015508 0.016974 0.020273 0.002443 0.013240 0.019744 0.116142 0.099247 0.105593 0.105953 0.096511 0.090473 ) 
( 41.043930 5.724131 0.122354 0.072348 0.049572 0.023169 0.017808 -0.000776 0.019649 0.021775 0.018424 0.043811 0.082928 0.077912 0.094017 0.114513 0.097692 0.098428 ) 
( 49.357948 5.723459 0.108318 0.077302 0.022862 0.016000 0.001140 0.010210 0.018505 0.031083 0.020255 0.047549 0.087024 0.099657 0.089809 0.101541 0.117727 0.098004 ) 
( 44.088783 5.730524 0.089253 0.058152 0.037324 0.020233 0.009873 0.009820 -0.001643 0.016173 0.024857 0.037491 0.106606 0.110730 0.092682 0.105737 0.099846 0.123951 ) 
( 46.140560 5.832179 0.101886 0.051344 0.025199 0.016926 -0.002156 0.021073 0.013113 0.005111 0.017779 0.039676 0.102905 0.094885 0.109524 0.098196 0.098726 0.107117 ) 
( 48.704304 5.736785 0.091745 0.057683 0.030428 0.021123 0.011136 0.012491 0.000936 0.018813 0.019546 0.033879 0.099355 0.109112 0.112441 0.115421 0.089747 0.085819 ) 
( 46.415798 5.743727 0.106381 0.041166 0.025260 0.026623 0.017269 0.002141 0.027476 0.016104 0.009809 0.034548 0.099601 0.106790 0.101565 0.093168 0.115505 0.098002 ) 
( 49.836002 5.834594 0.112365 0.070629 -0.004443 0.016758 0.014012 0.031435 0.005643 0.008534 0.027180 0.015887 0.090582 0.100597 0.105129 0.092531 0.107099 0.095413 ) 
( 42.720993 5.826609 0.098511 0.057634 0.007144 0.010767 0.009978 0.001847 0.000117 0.028510 0.019471 0.016908 0.092227 0.100005 0.104547 0.099288 0.100748 0.109959 ) 
( 48.521477 5.780148 0.107344 0.069091 0.027059 0.018641 0.022409 0.012073 0.011893 0.014636 0.030508 0.028288 0.088864 0.101770 0.104460 0.111348 0.088505 0.094696 ) 
( 43.953968 5.821969 0.103387 0.077632 0.031917 0.020713 0.018974 0.013429 0.002233 -0.005508 -0.005011 0.043790 0.115196 0.110991 0.089391 0.107841 0.097762 0.114962 ) 
( 45.505821 5.729429 0.117362 0.046289 0.050031 0.023425 0.020280 0.030478 0.027758 0.004231 0.035678 0.023294 0.106979 0.110022 0.097723 0.108440 0.111020 0.096142 ) 
( 49.634121 5.774448 0.107014 0.078639 0.024867 0.012531 0.000389 0.015166 0.000604 0.029297 0.010815 0.032975 0.088434 0.107942 0.102927 0.117460 0.111402 0.093680 ) 
( 46.506359 5.777763 0.099121 0.078249 0.031629 0.013024 0.007985 0.022931 0.003919 0.011313 0.033914 0.024805 0.120035 0.111995 0.105585 0.102529 0.097358 0.120835 ) 
( 42.737637 5.803140 0.090933 0.064148 0.020831 0.018570 0.006619 0.008326 0.026280 0.016435 0.039847 0.039427 0.103995 0.112260 0.091631 0.106874 0.107640 0.112274 ) 
( 43.909122 5.712448 0.091488 0.067022 0.033119 0.037510 0.004928 0.027381 -0.007641 0.014995 0.033668 0.037830 0.085140 0.098494 0.095082 0.117910 0.108041 0.088727 ) 
( 45.844501 5.729354 0.115064 0.054133 0.028942 0.032384 0.022788 0.016918 -0.006097 0.006395 0.033579 0.037169 0.100210 0.088805 0.116718 0.096524 0.094655 0.099913 ) 
( 45.210648 5.756767 0.103999 0.061450 0.032152 0.038669 0.008486 0.001365 0.012313 0.010527 0.018986 0.039532 0.097659 0.102969 0.087292 0.108036 0.107737 0.116883 ) 
( 50.155262 5.726861 0.115272 0.057230 0.030029 0.005762 0.014200 0.017884 0.034050 0.004184 0.010550 0.043331 0.095242 0.102426 0.102832 0.089183 0.101963 0.102689 ) 
( 43.581028 5.733938 0.097342 0.066088 0.023286 0.030274 0.011001 0.004622 0.024457 0.007405 0.025311 0.044592 0.108986 0.097066 0.113712 0.096719 0.097373 0.081890 ) 
( 48.648628 5.718936 0.105285 0.063700 0.031780 0.024453 -0.004298 0.018477 0.030870 0.007002 0.045067 0.041706 0.104250 0.108546 0.089443 0.097957 0.091599 0.097575 ) 
( 43.189762 5.821785 0.087746 0.056192 0.017088 0.028528 0.016940 0.014813 0.021825 0.007365 0.009778 0.024864 0.082581 0.097869 0.124652 0.108124 0.098273 0.100434 ) 
( 44.379929 5.836488 0.090190 0.058814 0.028789 0.024916 0.012673 -0.000351 0.000084 0.005540 0.027965 0.030475 0.082371 0.081040 0.093398 0.101638 0.089938 0.103890 ) 
( 48.826492 5.720760 0.105554 0.049047 0.015352 0.025051 0.008285 0.019676 0.020479 0.032922 0.018557 0.034083 0.094388 0.110094 0.094261 0.101527 0.096630 0.081783 ) 
( 43.426109 5.819488 0.098616 0.059352 0.025562 0.007692 -0.018837 0.013802 0.024423 0.018408 0.031562 0.025980 0.091496 0.084850 0.094877 0.078479 0.095571 0.116868 ) 
( 46.208050 5.742697 0.097072 0.047317 0.032125 0.014381 0.017912 0.026802 0.020936 0.015459 0.022838 0.032484 0.091304 0.098345 0.092189 0.117107 0.100384 0.084893 ) 
( 46.128574 5.790385 0.125945 0.064163 0.036870 -0.001036 0.026872 0.014860 0.002941 0.015113 0.026854 0.051671 0.103026 0.088463 0.095696 0.105239 0.086624 0.110397 ) 
( 46.192345 5.725125 0.106740 0.057663 0.021880 0.007143 0.012138 0.021886 0.012334 0.009813 0.021950 0.042642 0.110918 0.116345 0.103445 0.089423 0.078667 0.088301 ) 
( 49.193367 5.775272 0.107100 0.066812 0.030854 0.007549 0.015071 0.028520 0.010533 0.016794 0.025970 0.025055 0.086727 0.104131 0.096362 0.098123 0.102968 0.096959 ) 
( 41.259415 5.743937 0.098671 0.067428 0.019541 0.019923 0.004610 0.000564 0.013087 0.028146 0.032119 0.021945 0.107832 0.089599 0.107327 0.095077 0.110560 0.103345 ) 
( 41.809994 5.821496 0.111528 0.057590 0.021850 0.025333 0.014476 0.007459 0.007285 0.015797 0.022329 0.048840 0.104863 0.095870 0.084203 0.100203 0.111206 0.105539 ) 
( 44.622261 5.747077 0.102653 0.054393 0.023284 0.021310 0.012562 0.018863 0.017897 0.017896 0.018857 0.026696 0.108907 0.109650 0.110711 0.105348 0.112884 0.099458 ) 
( 42.651344 5.784303 0.100704 0.055479 0.019614 0.011531 0.008915 0.018862 0.014080 -0.009062 0.025536 0.037486 0.093744 0.105541 0.096850 0.098540 0.097337 0.101421 ) 
( 47.082928 5.713727 0.103761 0.060073 0.029244 0.022908 0.007510 0.015669 0.001313 0.019012 0.019981 0.030829 0.110405 0.073779 0.102269 0.102223 0.094978 0.114749 ) 
( 44.232761 5.788265 0.103890 0.074385 0.035725 0.006247 0.009425 0.031368 -0.007628 0.007745 0.016470 0.042660 0.097007 0.095113 0.115393 0.087728 0.096207 0.088090 ) 
( 40.997463 5.714725 0.112364 0.062079 0.036213 0.027984 0.017998 0.007481 0.021971 0.000690 0.001413 0.023262 0.112607 0.106064 0.089441 0.105736 0.089494 0.101237 ) 
( 44.900009 5.712992 0.104012 0.063290 0.024834 0.007074 0.000029 0.005203 0.018511 0.001253 0.038133 0.022471 0.110121 0.097745 0.112687 0.101449 0.108284 0.116950 ) 
( 40.936512 5.825080 0.100684 0.060851 0.025644 0.017314 0.013964 0.017237 0.025788 0.029470 0.034793 0.048295 0.104343 0.086943 0.099260 0.093142 0.097219 0.090910 ) 
( 43.331127 5.728367 0.105075 0.060875 0.044639 0.006328 0.007129 0.017391 0.027844 0.019603 -0.006615 0.038040 0.107096 0.097785 0.093135 0.122288 0.090871 0.116366 ) 
( 46.922169 5.746439 0.099579 0.061865 0.034187 0.012519 0.012309 0.008053 0.004888 0.008265 0.006652 0.040590 0.090515 0.097884 0.105975 0.103071 0.098500 0.108158 ) 
( 45.039257 5.768518 0.085180 0.058913 0.027034 0.010917 0.016595 0.028928 0.022387 0.020986 0.010117 0.042875 0.096973 0.116959 0.099757 0.090068 0.091226 0.092895 ) 
( 47.736908 5.725592 0.086817 0.058700 0.029204 0.022721 0.034232 0.016408 0.013435 0.018554 0.033821 0.024004 0.105792 0.104387 0.094732 0.118112 0.095995 0.102354 ) 
( 42.707184 5.787485 0.106257 0.062264 0.040929 0.024619 0.005029 0.015438 0.019990 0.025627 0.027316 0.030379 0.093306 0.099701 0.107897 0.096712 0.109810 0.096358 ) 
( 44.994293 5.836484 0.104442 0.070406 0.013644 0.021636 0.001246 0.006121 0.012380 0.013568 0.021408 0.038982 0.102374 0.100231 0.096097 0.090922 0.099353 0.113987 ) 
( 45.717735 5.832692 0.075332 0.064042 0.013991 0.037911 0.009129 0.005263 0.010937 0.024592 0.028483 0.031514 0.103965 0.104064 0.099304 0.099098 0.098178 0.110046 ) 
( 49.783409 5.738748 0.107539 0.076597 0.028627 0.033610 0.021869 0.018177 0.018158 0.008778 0.010902 0.023705 0.120757 0.087045 0.102635 0.097030 0.085655 0.100327 ) 
( 40.492676 5.768643 0.093125 0.075334 0.029863 0.015708 0.013884 0.027150 0.006668 0.020459 0.017215 0.044996 0.105066 0.097894 0.086008 0.104236 0.112925 0.107828 ) 
( 43.144234 5.727172 0.100387 0.065293 0.039864 0.017779 0.023274 0.011635 0.011022 0.025254 0.021219 0.025146 0.099617 0.100133 0.107999 0.108699 0.105790 0.103315 ) 
( 48.214378 5.736846 0.087421 0.058374 0.021534 0.029389 0.016428 -0.000144 0.019810 0.009316 0.015421 0.034175 0.089151 0.128069 0.107625 0.098973 0.081163 0.100169 ) 
( 40.479214 5.779173 0.101198 0.060439 0.021846 0.013376 0.019057 0.017771 0.020262 0.019011 0.013654 0.049516 0.098924 0.081981 0.100390 0.083126 0.098708 0.102630 ) 
( 50.067383 5.805939 0.098392 0.058030 0.039234 0.023895 0.002979 0.017833 0.006833 0.005879 0.025024 0.033517 0.095910 0.099371 0.108211 0.109243 0.104411 0.097271 ) 
( 44.603310 5.746604 0.084057 0.062381 0.024454 0.021766 0.035179 0.012732 0.024139 0.024929 0.003501 0.013031 0.090417 0.088881 0.094842 0.081464 0.093006 0.103640 ) 
( 46.888012 5.805067 0.098080 0.066811 0.026470 0.014838 0.033527 0.012991 -0.001805 0.017076 0.012851 0.025993 0.088954 0.083911 0.090732 0.109934 0.085823 0.099917 ) 
( 47.830791 5.778561 0.097598 0.047634 0.016953 0.008774 0.020312 0.021390 0.021430 0.009667 0.009442 0.016531 0.105305 0.109753 0.108149 0.097454 0.104026 0.093607 ) 
( 40.960518 5.728916 0.110198 0.075643 0.023139 0.001977 0.031340 0.018429 0.022265 0.025262 0.022306 0.031934 0.086885 0.105230 0.100621 0.094114 0.109803 0.097220 ) 
( 42.257568 5.805553 0.115228 0.053752 0.024573 0.032040 0.014560 0.015601 0.006105 0.032221 0.023616 0.035372 0.114295 0.102403 0.094253 0.084162 0.095863 0.109653 ) 
( 49.679996 5.767379 0.105102 0.047866 0.043103 0.018041 0.010684 0.016249 0.020030 0.028796 0.018236 0.028475 0.101848 0.082891 0.117548 0.115415 0.096210 0.099834 ) 
( 42.390308 5.729506 0.098030 0.048354 0.035506 0.018295 0.010070 0.014059 0.018808 -0.001945 0.017410 0.030718 0.081403 0.104918 0.081249 0.082903 0.088404 0.080193 ) 
( 46.155754 5.804654 0.089218 0.044237 0.041765 0.032373 0.009645 0.024237 0.010367 0.023163 0.033515 0.004307 0.111646 0.121519 0.106285 0.107244 0.079312 0.101356 ) 
( 48.943230 5.751634 0.111859 0.056392 0.037072 0.023623 0.013501 0.016324 0.011806 0.018743 0.017564 0.053672 0.106085 0.083783 0.103628 0.087415 0.111856 0.102035 ) 
( 40.872490 5.833833 0.102208 0.049111 0.033368 0.015832 0.014725 0.016226 0.029547 0.022601 0.033531 0.045227 0.119774 0.103133 0.098046 0.095429 0.096675 0.093031 ) 
( 45.607922 5.837355 0.121778 0.065625 0.039263 0.036308 0.008872 0.020809 0.004544 0.009773 0.005567 0.029402 0.109108 0.105403 0.103133 0.109637 0.098599 0.096554 ) 
( 40.963646 5.784554 0.112234 0.062807 0.037742 0.005101 0.009826 0.012971 0.012494 0.002517 0.013386 0.022456 0.097406 0.091489 0.100492 0.114744 0.089690 0.099702 ) 
( 48.494446 5.811085 0.088317 0.052715 0.004569 0.034240 0.025317 0.006935 0.019357 0.009152 0.020690 0.044820 0.102459 0.089176 0.105686 0.092122 0.090230 0.105103 ) 
( 41.966034 5.751777 0.105907 0.057385 0.030615 0.034413 0.014160 0.023929 0.017433 0.001519 0.027123 0.029956 0.104844 0.097044 0.096966 0.097630 0.113569 0.104758 ) 
( 47.253410 5.736831 0.110289 0.071271 0.030692 0.022458 0.008224 0.006208 0.008063 0.016103 0.029060 0.024059 0.100127 0.101834 0.096812 0.096488 0.107926 0.105869 ) 
( 47.619072 5.764320 0.101811 0.064694 0.019446 0.034343 0.018121 -0.002697 0.029459 0.020173 0.040792 0.029092 0.084793 0.118124 0.119411 0.113120 0.106999 0.086076 ) 
( 40.673592 5.723011 0.111167 0.065107 0.034312 0.028637 0.027757 0.011635 0.006240 0.015620 0.019404 0.035150 0.100870 0.096920 0.082958 0.103374 0.103275 0.091437 ) 
( 45.276421 5.778205 0.115000 0.055130 0.016656 0.008601 0.024342 0.023136 0.009051 0.018174 0.001116 0.034810 0.082861 0.097745 0.112915 0.101891 0.108863 0.112345 ) 
( 48.037830 5.749557 0.100419 0.061591 0.026418 0.021685 0.011300 0.013274 0.005229 0.008443 0.019980 0.029852 0.100279 0.095236 0.115211 0.110577 0.101784 0.094053 ) 
( 44.251907 5.825071 0.088815 0.050425 0.017400 0.001811 0.015269 0.024804 0.016266 0.016900 0.027794 0.020591 0.097334 0.109998 0.094616 0.110672 0.100541 0.106036 ) 
( 49.052357 5.835526 0.100542 0.059202 0.029049 0.033783 0.015499 0.018773 0.023996 0.008714 0.030212 0.030913 0.102351 0.113387 0.108698 0.094750 0.101862 0.091925 ) 
( 50.284531 5.821019 0.095675 0.051374 0.042800 0.031176 0.007594 0.008718 0.013819 0.011542 0.011540 0.043505 0.089633 0.093387 0.096289 0.095955 0.104363 0.095629 ) 
( 40.681961 5.754437 0.090165 0.071798 0.024315 0.007596 0.030570 0.016597 0.015165 0.025738 0.021633 0.023633 0.104881 0.115034 0.102448 0.099912 0.116204 0.102857 ) 
( 45.632591 5.721885 0.087626 0.055238 0.031763 0.016942 -0.001844 0.007783 -0.001754 0.018745 0.032483 0.052863 0.096436 0.079211 0.109594 0.093433 0.116061 0.107141 ) 
( 49.794563 5.799323 0.095758 0.067873 0.045382 0.025311 0.023236 0.020673 0.010713 0.006658 0.018556 0.030115 0.085897 0.110571 0.099568 0.092742 0.110465 0.110423 ) 
( 45.430676 5.770634 0.098383 0.057600 0.026404 0.021576 0.015919 0.038504 0.015829 0.018585 0.005731 0.030528 0.091036 0.094215 0.117757 0.099211 0.121674 0.109464 ) 
( 41.175724 5.802040 0.090075 0.072960 0.030459 0.017933 0.010962 0.018674 0.015536 0.035894 0.029758 0.038244 0.114383 0.095504 0.089866 0.097540 0.102923 0.108175 ) 
( 43.143703 5.744456 0.112894 0.074784 0.021170 0.018415 0.016220 0.001738 0.024200 0.014081 0.022612 0.021697 0.100132 0.121716 0.118705 0.088794 0.110456 0.108253 ) 
( 44.864300 5.830038 0.081637 0.054848 0.029011 -0.000488 0.017970 0.010979 0.013468 0.024667 0.023174 0.025717 0.105936 0.107728 0.100668 0.088927 0.121724 0.106387 ) 
( 45.485851 5.791074 0.096435 0.051821 0.038157 0.015331 0.017789 0.007448 0.022057 0.018217 0.013585 0.032607 0.089073 0.089607 0.088372 0.105272 0.095826 0.107763 ) 
( 41.103558 5.734671 0.104606 0.051551 0.033303 0.021797 0.015332 0.008711 0.019741 0.028383 0.030078 0.051043 0.084669 0.100027 0.120114 0.091135 0.105282 0.101920 ) 
( 45.450512 5.785598 0.102463 0.070739 0.044126 0.028041 0.003441 0.008120 0.009099 0.012119 0.019017 0.018786 0.108748 0.101954 0.100285 0.087322 0.104405 0.103545 ) 
( 49.814022 5.789021 0.102265 0.076220 0.030001 0.026122 0.027931 0.034030 0.026711 0.027760 0.019418 0.047483 0.105386 0.084840 0.108182 0.100885 0.102336 0.095338 ) 
