2
0
0
5
40
8
0.195312
-0.742188
-0.867188
-0.617188
-0.007812
-0.054688
0.929688
0.546875
-0.726562
-0.742188
0.656250
0.148438
-0.671875
-0.617188
0.585938
-0.914062
-0.171875
0.726562
-0.179688
0.578125
0.992188
0.640625
0.656250
0.703125
-0.890625
-0.679688
0.507812
-0.632812
-0.031250
-0.460938
-0.406250
0.687500
0.804688
-0.062500
0.500000
-0.382812
-0.226562
-0.296875
-0.734375
-0.859375
-0.476562
-0.562500
-0.804688
0.445312
-0.078125
-0.601562
0.335938
-0.609375
-0.820312
-0.937500
0.539062
0.343750
0.523438
-0.390625
0.843750
-0.312500
-0.234375
-0.031250
-0.117188
-0.890625
0.664062
0.312500
0.195312
-0.031250
0.109375
0.726562
-0.164062
0.460938
0.820312
-0.367188
-0.109375
0.960938
0.742188
0.468750
-0.000000
-0.992188
0.890625
0.203125
-0.132812
-0.945312
-0.820312
-0.078125
0.804688
-0.046875
0.578125
-0.312500
-0.734375
-0.679688
0.851562
0.851562
0.234375
-0.710938
-0.492188
0.617188
0.289062
0.414062
-0.117188
-0.335938
-0.085938
0.507812
0.656250
-0.929688
-0.968750
0.867188
0.562500
0.328125
-0.875000
-0.093750
-0.351562
-0.265625
0.398438
0.703125
0.195312
0.679688
-0.390625
0.421875
-0.953125
-0.929688
0.406250
0.750000
-0.460938
-0.171875
-0.062500
0.070312
-0.882812
0.250000
-0.250000
0.289062
-0.695312
0.984375
-0.140625
0.304688
0.023438
0.921875
-0.710938
-0.914062
-0.390625
-0.679688
-0.539062
-0.132812
0.335938
-0.804688
-0.203125
-0.015625
0.046875
0.914062
-0.140625
0.539062
0.539062
0.164062
-0.703125
-0.710938
0.835938
0.539062
0.140625
-0.351562
0.992188
0.523438
0.179688
-0.609375
0.890625
0.835938
0.531250
0.203125
-0.960938
-0.101562
0.250000
0.984375
0.960938
-0.796875
0.726562
0.890625
-0.164062
0.539062
0.117188
0.734375
-0.984375
-0.546875
-0.070312
0.132812
-0.843750
0.593750
-0.367188
-0.429688
0.460938
-0.773438
-0.234375
-0.218750
-0.414062
0.382812
0.437500
-0.343750
-0.445312
0.148438
-0.132812
-0.625000
0.960938
0.773438
0.304688
0.085938
0.390625
-0.273438
0.664062
-0.101562
-0.593750
0.625000
-0.882812
0.695312
-0.281250
-0.484375
0.507812
0.054688
0.343750
0.804688
0.867188
-0.968750
0.570312
-0.445312
-0.320312
-0.671875
0.234375
-0.265625
-0.187500
0.875000
-0.539062
-0.960938
0.421875
0.054688
0.796875
-0.000000
0.617188
0.750000
-0.218750
-0.710938
0.328125
0.078125
-0.562500
-0.617188
0.960938
0.671875
0.406250
0.023438
-0.250000
-0.085938
0.343750
-0.734375
-0.234375
0.960938
0.203125
-0.507812
0.625000
-0.945312
0.140625
-0.304688
0.023438
-0.531250
-0.054688
0.359375
-0.125000
-0.648438
0.117188
0.164062
-0.000000
-0.421875
-0.507812
-0.882812
0.421875
0.273438
-0.726562
-0.281250
-0.250000
-0.664062
-0.679688
-0.445312
0.781250
-0.632812
-0.609375
-0.140625
-0.382812
0.187500
0.226562
-0.992188
-0.609375
-0.835938
0.523438
-0.726562
0.320312
-0.257812
-0.171875
-0.296875
-0.132812
0.867188
0.851562
-0.531250
-0.476562
0.820312
0.890625
-0.507812
0.625000
-0.796875
0.578125
-0.625000
-0.414062
-0.671875
0.164062
-0.203125
0.023438
-0.242188
-0.968750
-0.265625
-0.578125
-0.320312
-0.539062
-0.851562
0.984375
-0.320312
0.640625
0.546875
-0.750000
-0.804688
0.250000
-0.000000
0.289062
0.656250
-0.992188
-0.289062
-0.921875
0.804688
-0.085938
0.328125
0.898438
-0.578125
0.437500
0.734375
0.960938
-0.960938
0.289062
0.062500
-0.773438
-0.054688
-0.804688
0.843750
0.281250
-0.148438
-0.875000
0.179688
-0.984375
0.023438
-0.726562
0.468750
0.226562
-0.382812
-0.906250
-0.929688
-0.578125
0.375000
0.781250
-0.937500
0.171875
-0.234375
0.953125
-0.632812
0.453125
0.445312
-0.812500
-0.695312
0.390625
-0.281250
-0.109375
0.828125
0.257812
0.687500
-0.593750
0.250000
0.687500
-0.257812
-0.898438
0.351562
0.226562
-0.078125
-0.835938
-0.351562
-0.187500
-0.203125
-0.617188
-0.078125
0.976562
0.179688
0.320312
0.992188
0.117188
-0.632812
0.726562
0.218750
-0.382812
-0.804688
-0.093750
-0.273438
0.601562
-0.382812
0.203125
-0.570312
-0.085938
-0.203125
-0.617188
0.703125
0.828125
-0.382812
-0.093750
0.250000
-0.507812
0.000000
0.070312
0.773438
-0.695312
0.640625
0.625000
-0.398438
-0.968750
0.250000
-0.414062
0.812500
-0.257812
0.710938
0.570312
-0.828125
-0.179688
0.054688
0.914062
0.679688
-0.117188
-0.773438
0.046875
0.546875
-0.593750
0.609375
0.101562
-0.179688
-0.500000
-0.953125
0.734375
-0.429688
0.984375
-0.226562
-0.312500
0.679688
0.179688
0.468750
0.687500
0.046875
-0.585938
0.195312
0.195312
0.359375
0.570312
0.085938
-0.585938
0.218750
0.250000
0.312500
-0.609375
-0.921875
0.296875
0.242188
0.921875
0.671875
0.765625
-0.460938
-0.203125
-0.945312
-0.601562
-0.046875
-0.960938
0.156250
-0.507812
0.898438
0.226562
-0.000000
-0.273438
-0.726562
-0.859375
-0.695312
0.757812
-0.437500
-0.773438
0.687500
0.804688
-0.546875
0.125000
-0.898438
0.796875
-0.070312
-0.101562
0.226562
0.460938
0.984375
-0.656250
-0.046875
0.101562
0.773438
-0.343750
0.320312
-0.015625
0.406250
-0.570312
-0.804688
-0.812500
-0.453125
-0.023438
0.304688
0.789062
0.492188
0.742188
0.328125
0.726562
0.546875
-0.242188
-0.492188
0.718750
0.070312
0.117188
0.656250
0.921875
-0.304688
0.820312
-0.625000
-0.445312
-0.796875
0.437500
0.617188
-0.523438
-0.765625
0.304688
-0.257812
-0.718750
0.750000
0.187500
-0.468750
0.070312
0.250000
0.632812
-0.781250
-0.117188
-0.976562
0.007812
-0.875000
-0.664062
0.976562
-0.296875
-0.679688
0.554688
0.109375
-0.195312
-0.515625
-0.117188
-0.890625
0.054688
-0.976562
-0.273438
-0.562500
0.609375
0.304688
0.023438
-0.296875
-0.109375
