2
0
0
5
40
8
-0.656250
-0.648438
0.421875
-0.445312
0.515625
-0.960938
0.078125
-0.125000
-0.257812
-0.835938
0.187500
0.023438
-0.289062
0.929688
0.710938
-0.117188
-0.914062
0.609375
0.617188
-0.398438
-0.523438
-0.960938
-0.367188
0.414062
-0.718750
-0.015625
0.015625
0.382812
0.031250
-0.835938
-0.406250
0.687500
0.804688
-0.062500
0.007812
-0.382812
-0.226562
-0.304688
-0.734375
-0.843750
-0.476562
-0.687500
-0.804688
0.195312
-0.078125
0.820312
0.335938
-0.617188
-0.570312
-0.937500
0.539062
0.343750
0.023438
-0.421875
0.593750
-0.328125
-0.234375
-0.031250
-0.109375
-0.640625
0.664062
0.312500
0.195312
-0.031250
0.109375
0.695312
-0.414062
0.445312
-0.820312
-0.117188
-0.078125
0.960938
0.992188
0.437500
-0.000000
-0.992188
0.890625
0.703125
-0.132812
-0.945312
-0.820312
-0.062500
0.804688
0.046875
0.578125
-0.312500
-0.671875
-0.679688
0.757812
0.851562
0.109375
-0.726562
-0.875000
-0.906250
0.164062
-0.109375
0.796875
0.117188
0.804688
-0.554688
0.375000
0.265625
-0.234375
-0.445312
-0.500000
-0.882812
0.085938
0.171875
-0.937500
-0.507812
0.835938
-0.117188
-0.015625
-0.976562
0.164062
-0.750000
0.351562
-0.468750
-0.398438
-0.085938
0.000000
-0.281250
0.023438
0.531250
0.289062
0.570312
0.335938
0.343750
-0.507812
0.906250
0.875000
0.195312
0.328125
0.812500
-0.796875
-0.375000
-0.617188
-0.382812
-0.937500
0.343750
-0.039062
-0.718750
0.625000
0.703125
0.359375
-0.484375
-0.984375
0.929688
-0.929688
-0.164062
0.835938
0.109375
0.671875
-0.921875
-0.046875
-0.523438
-0.898438
-0.632812
-0.257812
-0.734375
0.867188
0.625000
-0.539062
0.398438
-0.445312
0.203125
-0.179688
0.671875
-0.351562
-0.031250
-0.585938
0.671875
0.468750
-0.351562
-0.429688
0.742188
-0.070312
0.687500
-0.226562
0.218750
-0.125000
0.210938
0.640625
0.710938
-0.875000
0.429688
-0.671875
-0.539062
-0.140625
0.914062
0.054688
-0.929688
-0.218750
-0.195312
-0.226562
0.000000
0.429688
-0.781250
0.085938
-0.992188
0.765625
-0.125000
0.664062
0.445312
0.289062
-0.242188
-0.796875
-0.312500
-0.187500
-0.617188
-0.382812
-0.601562
-0.562500
0.007812
0.507812
0.437500
-0.054688
-0.937500
0.570312
-0.781250
-0.765625
-0.390625
-0.039062
0.789062
0.820312
-0.164062
0.796875
0.742188
0.078125
0.796875
0.773438
0.664062
0.039062
0.023438
-0.101562
-0.929688
-0.398438
-0.914062
-0.859375
0.492188
-0.796875
0.406250
-0.085938
0.289062
0.843750
0.507812
0.382812
-0.226562
0.898438
-0.968750
-0.398438
0.523438
0.078125
-0.640625
0.218750
0.726562
-0.046875
0.929688
-0.796875
0.328125
0.671875
0.773438
0.781250
-0.960938
-0.921875
0.210938
-0.992188
-0.054688
0.531250
0.164062
0.773438
0.125000
-0.640625
0.914062
0.945312
-0.179688
0.617188
0.156250
0.875000
0.640625
-0.679688
0.007812
-0.062500
-0.960938
-0.476562
-0.273438
0.914062
0.132812
0.609375
-0.835938
0.796875
-0.445312
-0.679688
0.406250
0.515625
-0.390625
-0.101562
0.195312
-0.289062
0.718750
0.453125
0.632812
0.414062
0.046875
-0.453125
0.859375
-0.921875
-0.671875
-0.820312
0.484375
0.226562
0.203125
-0.031250
-0.531250
0.906250
-0.812500
0.648438
0.835938
-0.226562
0.640625
-0.906250
0.656250
-0.765625
-0.453125
-0.671875
-0.210938
-0.898438
0.914062
0.804688
-0.617188
-0.687500
0.296875
-0.937500
-0.335938
-0.156250
-0.882812
-0.734375
-0.140625
0.070312
-0.023438
-0.539062
-0.710938
-0.296875
-0.265625
-0.664062
0.945312
0.890625
0.429688
-0.671875
-0.382812
0.578125
-0.773438
-0.335938
0.078125
-0.890625
-0.054688
-0.250000
0.140625
-0.273438
0.335938
0.851562
-0.000000
0.625000
0.664062
-0.359375
0.351562
-0.031250
-0.570312
0.742188
0.757812
0.898438
-0.625000
-0.117188
0.851562
0.687500
0.125000
0.203125
-0.140625
0.257812
-0.429688
-0.937500
0.585938
0.804688
0.093750
0.820312
0.617188
-0.906250
-0.429688
-0.484375
-0.117188
0.648438
0.187500
0.656250
-0.625000
-0.382812
0.710938
-0.062500
-0.312500
-0.617188
0.796875
-0.007812
-0.312500
-0.195312
-0.539062
0.023438
0.984375
0.750000
-0.015625
0.632812
-0.437500
0.929688
-0.429688
0.507812
0.281250
-0.898438
0.945312
0.179688
0.039062
0.671875
0.867188
-0.117188
0.335938
-0.257812
-0.078125
0.960938
-0.945312
-0.453125
0.625000
-0.617188
0.203125
-0.140625
0.132812
0.242188
0.679688
0.015625
-0.835938
-0.960938
-0.242188
-0.101562
-0.984375
0.382812
0.335938
-0.906250
0.226562
-0.968750
0.726562
-0.507812
0.203125
-0.445312
-0.804688
-0.875000
0.617188
-0.539062
0.539062
0.929688
0.773438
0.125000
0.703125
-0.242188
-0.656250
0.257812
-0.328125
0.203125
0.765625
0.000000
-0.109375
0.148438
-0.250000
0.515625
-0.117188
-0.273438
-0.453125
-0.804688
-0.656250
-0.703125
-0.757812
0.234375
0.703125
-0.734375
-0.929688
-0.757812
0.726562
-0.031250
-0.515625
-0.796875
0.515625
-0.929688
-0.382812
-0.632812
-0.406250
-0.453125
0.789062
0.914062
0.984375
-0.460938
-0.453125
0.343750
0.890625
0.328125
0.539062
-0.531250
0.617188
0.406250
0.312500
0.085938
-0.273438
-0.320312
0.734375
0.578125
0.945312
0.429688
-0.789062
0.914062
0.062500
0.953125
-0.546875
0.570312
0.843750
0.750000
0.085938
0.718750
-0.601562
-0.148438
0.546875
-0.843750
-0.539062
-0.148438
0.273438
0.421875
-0.656250
-0.296875
0.335938
0.398438
0.500000
-0.656250
-0.226562
0.093750
-0.453125
-0.539062
0.718750
0.843750
-0.867188
0.343750
0.882812
0.460938
-0.328125
0.921875
-0.976562
-0.664062
0.992188
-0.382812
-0.671875
-0.789062
0.546875
0.359375
-0.648438
-0.125000
0.101562
0.453125
0.828125
0.460938
-0.695312
0.156250
0.492188
-0.796875
