2
0
0
5
40
8
0.867188
0.898438
0.351562
0.695312
0.906250
0.820312
-0.851562
-0.070312
-0.640625
-0.843750
0.984375
-0.523438
0.828125
-0.492188
0.460938
-0.421875
0.250000
0.882812
-0.585938
0.546875
-0.031250
0.968750
-0.265625
-0.445312
0.343750
0.914062
-0.601562
-0.695312
-0.781250
0.906250
0.023438
0.648438
-0.390625
-0.757812
0.312500
0.226562
-0.164062
0.968750
-0.562500
-0.070312
0.000000
0.984375
0.164062
-0.382812
0.367188
-0.000000
0.507812
0.578125
-0.554688
0.820312
-0.125000
-0.953125
-0.617188
-0.843750
0.304688
0.031250
-0.554688
-0.710938
0.046875
-0.234375
0.601562
-0.312500
0.195312
-0.031250
0.109375
0.726562
-0.164062
0.460938
0.820312
-0.367188
-0.109375
0.960938
0.742188
0.468750
-0.000000
-0.992188
0.765625
0.203125
-0.132812
-0.945312
-0.820312
-0.078125
0.804688
-0.046875
0.578125
-0.312500
-0.734375
-0.648438
0.867188
-0.125000
0.312500
0.531250
0.929688
-0.742188
-0.320312
-0.929688
0.554688
0.109375
0.968750
0.726562
-0.171875
-0.585938
-0.062500
-0.289062
-0.226562
-0.273438
0.812500
0.804688
-0.343750
-0.609375
0.687500
-0.664062
-0.921875
0.734375
0.984375
0.765625
-0.750000
0.343750
0.820312
-0.039062
0.843750
-0.210938
-0.312500
0.078125
-0.671875
-0.828125
0.976562
-0.312500
-0.757812
-0.835938
-0.359375
-0.109375
0.078125
0.250000
0.648438
0.656250
-0.109375
-0.281250
0.273438
-0.507812
-0.546875
-0.640625
0.125000
-0.062500
-0.007812
0.265625
-0.992188
0.929688
-0.992188
-0.164062
0.835938
0.109375
0.671875
-0.921875
-0.046875
-0.515625
-0.898438
-0.664062
-0.257812
-0.734375
0.867188
0.562500
-0.664062
0.460938
-0.445312
0.203125
-0.492188
0.171875
-0.476562
-0.031250
-0.585938
0.671875
0.468750
0.351562
-0.429688
0.742188
-0.070312
0.687500
0.226562
0.218750
-0.125000
0.210938
0.640625
0.703125
-0.875000
0.398438
-0.671875
-0.539062
-0.140625
0.164062
0.039062
0.789062
-0.992188
-0.453125
0.484375
0.296875
0.273438
0.414062
-0.531250
-0.203125
-0.171875
0.078125
-0.921875
-0.843750
-0.031250
-0.007812
-0.093750
-0.609375
0.507812
-0.421875
-0.937500
-0.031250
0.007812
-0.460938
-0.562500
0.523438
0.156250
-0.945312
-0.117188
-0.906250
-0.437500
-0.914062
-0.718750
-0.585938
0.187500
0.859375
0.382812
0.445312
-0.992188
0.468750
0.695312
-0.804688
0.078125
0.781250
-0.289062
-0.906250
-0.398438
-0.414062
-0.859375
0.476562
-0.617188
-0.164062
-0.085938
0.414062
0.843750
0.507812
0.382812
-0.226562
0.898438
-0.984375
-0.320312
0.515625
0.078125
-0.632812
0.031250
0.726562
-0.046875
0.929688
-0.796875
0.328125
0.656250
0.773438
0.750000
-0.710938
-0.921875
0.085938
-0.992188
-0.039062
0.531250
0.164062
0.523438
0.625000
-0.640625
0.914062
0.960938
-0.171875
0.156250
-0.429688
0.679688
0.453125
-0.898438
0.046875
0.437500
0.812500
0.812500
-0.140625
0.421875
0.070312
0.429688
0.031250
-0.468750
-0.085938
0.625000
0.531250
-0.781250
0.226562
-0.156250
0.062500
0.351562
0.687500
-0.906250
0.226562
-0.750000
-0.312500
-0.984375
0.632812
-0.562500
0.148438
0.656250
0.468750
-0.054688
-0.625000
-0.476562
-0.609375
-0.554688
-0.703125
0.203125
-0.750000
-0.554688
0.039062
-0.046875
-0.179688
0.789062
-0.414062
0.539062
-0.625000
0.078125
-0.375000
-0.234375
0.281250
0.453125
-0.429688
0.875000
0.585938
-0.039062
0.531250
-0.695312
-0.437500
0.625000
-0.914062
0.164062
-0.531250
0.273438
-0.492188
-0.187500
-0.906250
0.593750
-0.554688
-0.570312
-0.710938
0.476562
0.359375
0.523438
0.875000
0.867188
-0.093750
-0.226562
0.500000
-0.101562
0.453125
0.882812
-0.375000
0.125000
0.281250
0.132812
-0.992188
-0.429688
-0.906250
-0.429688
-0.312500
0.656250
0.796875
-0.273438
0.476562
0.203125
-0.039062
0.796875
-0.000000
0.453125
-0.195312
0.312500
-0.421875
-0.609375
-0.875000
0.148438
-0.195312
-0.335938
0.000000
0.414062
-0.968750
-0.546875
0.515625
0.320312
-0.507812
-0.421875
0.617188
0.132812
-0.406250
0.789062
0.265625
-0.937500
0.421875
-0.187500
0.039062
-0.265625
0.257812
-0.039062
-0.398438
0.250000
-0.414062
0.078125
-0.726562
-0.929688
-0.015625
0.507812
-0.078125
-0.476562
-0.398438
0.304688
0.937500
0.625000
-0.906250
-0.726562
0.710938
0.539062
0.093750
0.476562
-0.695312
-0.687500
0.671875
-0.132812
-0.687500
-0.070312
-0.882812
-0.031250
0.484375
0.664062
0.804688
-0.492188
0.171875
-0.906250
-0.632812
-0.945312
-0.234375
0.453125
-0.296875
-0.359375
-0.765625
0.406250
-0.734375
0.234375
0.031250
0.359375
-0.250000
0.460938
0.851562
-0.812500
0.570312
0.726562
-0.796875
-0.039062
0.265625
-0.468750
0.093750
0.515625
0.562500
0.875000
0.406250
0.085938
-0.570312
0.296875
-0.484375
0.164062
-0.351562
-0.898438
0.750000
0.273438
0.414062
0.257812
-0.843750
-0.125000
0.062500
0.695312
-0.929688
-0.968750
-0.148438
-0.632812
-0.656250
-0.843750
-0.835938
0.578125
-0.484375
-0.781250
0.046875
0.703125
0.218750
0.539062
-0.445312
-0.031250
-0.640625
-0.468750
0.984375
0.578125
0.859375
-0.320312
-0.960938
-0.265625
-0.312500
0.148438
0.195312
0.554688
-0.140625
-0.250000
0.281250
-0.437500
0.351562
-0.625000
0.984375
-0.281250
0.187500
0.289062
-0.539062
0.765625
0.890625
0.132812
0.351562
0.617188
0.039062
0.085938
0.492188
-0.500000
-0.406250
0.156250
-0.609375
0.062500
-0.960938
0.148438
-0.750000
0.734375
0.945312
-0.125000
-0.593750
0.906250
0.632812
-0.984375
-0.101562
0.070312
0.078125
-0.304688
-0.765625
0.156250
-0.031250
0.109375
-0.156250
0.351562
-0.250000
0.179688
-0.500000
-0.367188
0.851562
-0.218750
0.593750
-0.835938
-0.367188
-0.531250
