2
0
0
5
40
8
-0.656250
-0.648438
0.484375
-0.976562
0.515625
-0.960938
0.085938
-0.125000
-0.257812
-0.820312
0.218750
0.304688
-0.289062
0.929688
0.710938
-0.117188
-0.914062
0.617188
0.585938
0.898438
-0.523438
-0.945312
-0.367188
0.414062
-0.726562
-0.000000
0.015625
0.382812
-0.031250
-0.335938
-0.406250
0.562500
0.773438
-0.062500
0.523438
-0.382812
-0.218750
-0.359375
-0.210938
-0.859375
-0.437500
-0.562500
-0.773438
0.445312
-0.078125
-0.601562
0.335938
-0.617188
-0.820312
-0.937500
0.539062
0.343750
0.023438
-0.390625
-0.843750
-0.312500
-0.234375
-0.031250
-0.117188
-0.890625
0.539062
0.312500
0.195312
-0.031250
0.046875
0.070312
-0.656250
0.460938
0.820312
-0.335938
-0.078125
0.710938
0.710938
0.468750
0.500000
0.992188
-0.890625
-0.203125
-0.132812
-0.945312
-0.820312
-0.078125
0.929688
-0.031250
0.578125
-0.312500
-0.734375
0.671875
0.851562
0.851562
0.234375
-0.726562
-0.875000
-0.914062
0.039062
-0.109375
0.953125
0.367188
0.804688
-0.546875
0.390625
0.265625
-0.234375
-0.445312
0.000000
-0.382812
0.023438
0.171875
-0.937500
-0.507812
0.835938
0.117188
-0.265625
-0.976562
-0.226562
-0.382812
0.289062
-0.468750
-0.398438
-0.085938
0.000000
-0.281250
0.046875
-0.531250
0.289062
0.570312
0.335938
0.093750
-0.054688
0.906250
0.875000
0.226562
0.328125
0.812500
-0.781250
-0.375000
-0.554688
-0.375000
-0.937500
0.343750
0.039062
-0.718750
-0.687500
-0.710938
0.781250
-0.484375
0.984375
0.929688
-0.992188
-0.226562
0.835938
0.078125
0.640625
-0.734375
-0.046875
-0.515625
-0.273438
-0.789062
-0.757812
0.671875
0.867188
0.687500
-0.664062
0.460938
-0.445312
0.234375
-0.492188
0.140625
-0.476562
-0.046875
-0.578125
0.921875
0.468750
0.289062
-0.421875
0.734375
-0.007812
0.562500
0.226562
0.468750
-0.132812
0.398438
0.640625
0.703125
-0.875000
0.398438
-0.671875
-0.539062
0.171875
0.242188
0.054688
-0.914062
-0.226562
-0.195312
-0.226562
0.500000
0.429688
-0.789062
0.085938
-0.992188
0.765625
-0.156250
0.164062
0.945312
0.851562
-0.242188
-0.796875
-0.437500
-0.203125
-0.117188
0.257812
-0.101562
-0.562500
0.007812
0.007812
0.437500
-0.023438
0.687500
0.570312
-0.859375
-0.765625
-0.453125
-0.789062
-0.750000
0.820312
-0.164062
0.781250
0.617188
0.562500
0.921875
0.773438
0.664062
0.257812
0.085938
-0.070312
-0.914062
-0.382812
-0.914062
-0.593750
0.492188
-0.617188
-0.132812
-0.210938
0.289062
0.843750
0.507812
0.914062
-0.593750
0.898438
-0.968750
-0.273438
0.523438
0.078125
-0.640625
0.164062
0.726562
-0.046875
0.929688
-0.531250
0.765625
0.671875
0.773438
0.750000
-0.960938
-0.921875
0.210938
-0.492188
-0.039062
0.031250
0.164062
0.523438
0.625000
-0.703125
0.929688
0.945312
-0.171875
0.617188
0.156250
0.937500
0.906250
-0.554688
0.085938
-0.000000
-0.953125
-0.226562
-0.273438
0.289062
0.132812
0.609375
-0.835938
0.773438
-0.445312
-0.929688
0.375000
0.515625
0.390625
-0.101562
0.195312
-0.273438
-0.593750
0.984375
0.632812
0.914062
-0.046875
-0.265625
0.859375
-0.929688
-0.546875
-0.820312
0.484375
0.226562
0.203125
-0.031250
-0.046875
0.406250
-0.812500
0.148438
0.835938
-0.226562
0.640625
-0.968750
0.406250
-0.765625
-0.453125
-0.640625
0.210938
-0.890625
0.914062
0.304688
-0.617188
-0.710938
0.906250
-0.937500
-0.359375
-0.164062
-0.882812
-0.742188
-0.125000
0.070312
-0.132812
-0.539062
-0.710938
0.296875
-0.265625
-0.914062
0.937500
0.921875
0.671875
-0.671875
-0.414062
0.734375
-0.773438
-0.835938
0.085938
-0.890625
-0.054688
-0.250000
0.140625
-0.257812
0.335938
0.781250
-0.000000
0.640625
-0.695312
-0.359375
0.851562
-0.281250
-0.515625
0.617188
0.820312
0.898438
-0.500000
-0.101562
0.867188
0.703125
-0.125000
0.703125
-0.265625
0.375000
0.492188
-0.812500
0.570312
0.804688
-0.101562
0.851562
0.601562
-0.468750
-0.429688
-0.429688
0.554688
0.679688
0.687500
0.531250
-0.640625
-0.382812
0.710938
-0.062500
-0.062500
-0.867188
0.656250
-0.039062
-0.312500
-0.664062
-0.554688
0.273438
-0.968750
0.812500
-0.140625
0.132812
-0.320312
0.429688
-0.429688
0.007812
0.031250
-0.648438
0.375000
0.179688
0.406250
0.765625
-0.242188
-0.117188
0.085938
-0.250000
-0.750000
0.960938
0.945312
-0.937500
0.625000
-0.867188
0.453125
-0.390625
-0.132812
0.242188
0.929688
0.515625
-0.867188
-0.960938
-0.226562
-0.601562
-0.867188
0.406250
0.335938
-0.406250
0.226562
-0.968750
0.726562
-0.500000
0.187500
-0.492188
-0.804688
0.875000
-0.617188
-0.539062
0.539062
-0.929688
0.796875
0.625000
-0.703125
-0.242188
-0.656250
0.289062
-0.828125
0.187500
0.546875
0.062500
-0.117188
0.148438
-0.250000
0.648438
-0.617188
-0.304688
-0.453125
-0.867188
0.734375
-0.703125
0.289062
0.609375
0.953125
-0.734375
-0.804688
-0.914062
0.726562
0.000000
-0.515625
-0.796875
0.523438
0.679688
0.257812
-0.632812
-0.375000
-0.437500
0.789062
0.914062
-0.984375
-0.398438
-0.421875
-0.476562
0.890625
0.328125
0.539062
-0.031250
0.617188
0.539062
0.453125
0.078125
-0.929688
-0.507812
0.109375
0.734375
0.226562
0.171875
-0.804688
0.914062
0.000000
0.453125
-0.117188
0.742188
0.843750
-0.250000
0.210938
0.734375
-0.601562
-0.148438
0.171875
-0.843750
-0.539062
-0.375000
0.773438
0.390625
-0.656250
-0.296875
0.390625
0.398438
0.625000
0.156250
-0.609375
0.343750
-0.203125
-0.914062
0.656250
0.843750
-0.867188
-0.031250
-0.882812
0.460938
-0.328125
0.421875
-0.945312
-0.664062
0.992188
-0.476562
-0.656250
-0.789062
0.554688
0.359375
0.898438
-0.125000
0.101562
0.390625
0.835938
0.453125
-0.632812
0.125000
0.242188
-0.265625
