2
0
0
18
40
8
-0.554688
0.765625
-0.539062
0.585938
-0.890625
-0.164062
0.085938
-0.804688
0.960938
0.187500
-0.007812
-0.679688
0.046875
-0.898438
0.976562
-0.156250
-0.179688
-0.718750
-0.859375
0.320312
0.507812
0.148438
0.421875
-0.023438
-0.296875
0.046875
0.312500
-0.375000
0.242188
-0.820312
-0.304688
-0.429688
-0.718750
-0.054688
-0.484375
-0.476562
0.132812
0.437500
0.234375
-0.078125
-0.906250
0.945312
0.093750
-0.078125
-0.406250
0.968750
-0.062500
-0.812500
-0.640625
-0.429688
-0.562500
-0.023438
-0.734375
0.328125
-0.679688
-0.171875
0.992188
0.992188
0.109375
-0.750000
0.906250
0.937500
0.429688
0.992188
-0.640625
-0.445312
0.320312
-0.687500
-0.992188
-0.007812
0.992188
0.500000
-0.875000
-0.132812
-0.218750
-0.015625
0.343750
-0.945312
0.632812
0.101562
-0.757812
-0.296875
0.976562
0.195312
0.812500
0.757812
0.710938
-0.585938
-0.640625
-0.476562
0.218750
0.015625
-0.828125
-0.335938
-0.851562
0.414062
0.773438
0.453125
-0.070312
0.632812
0.304688
0.679688
-0.695312
-0.117188
-0.445312
0.546875
0.992188
0.882812
0.992188
0.953125
0.437500
-0.585938
-0.265625
-0.351562
0.609375
0.015625
0.015625
0.195312
-0.796875
-0.703125
0.671875
0.632812
-0.218750
0.289062
-0.171875
0.789062
-0.351562
-0.359375
0.781250
0.796875
-0.117188
-0.750000
-0.710938
-0.343750
-0.187500
-0.687500
-0.187500
-0.078125
-0.859375
0.648438
0.218750
-0.093750
-0.109375
-0.976562
-0.757812
-0.789062
-0.648438
0.226562
0.765625
-0.242188
0.531250
-0.476562
-0.953125
0.117188
0.789062
0.648438
0.445312
0.445312
-0.492188
-0.781250
0.984375
-0.328125
0.242188
0.000000
-0.101562
-0.296875
-0.875000
0.304688
-0.632812
0.031250
0.289062
0.812500
-0.429688
-0.890625
0.015625
0.710938
0.726562
0.820312
-0.242188
0.546875
0.976562
-0.757812
0.109375
0.554688
0.148438
0.859375
-0.671875
0.937500
0.046875
0.656250
0.265625
-0.421875
-0.750000
-0.507812
0.828125
0.273438
0.265625
-0.695312
-0.039062
-0.960938
0.179688
0.968750
-0.085938
-0.101562
0.101562
0.890625
-0.609375
-0.367188
-0.015625
-0.734375
-0.765625
0.078125
0.734375
0.718750
-0.609375
-0.039062
-0.085938
-0.789062
0.890625
0.718750
-0.718750
0.921875
0.671875
-0.750000
-0.281250
-0.945312
-0.218750
-0.703125
-0.179688
0.710938
0.562500
-0.984375
-0.476562
0.953125
-0.570312
-0.234375
-0.500000
-0.953125
0.976562
-0.054688
0.570312
-0.531250
0.937500
0.250000
-0.304688
-0.921875
-0.007812
-0.984375
-0.382812
0.609375
-0.578125
0.414062
-0.976562
0.101562
0.375000
0.500000
-0.757812
0.367188
-0.015625
0.289062
0.500000
0.718750
-0.226562
-0.765625
0.570312
0.710938
-0.343750
0.000000
-0.726562
0.562500
0.234375
0.054688
-0.671875
0.976562
-0.140625
0.531250
-0.226562
0.515625
-0.390625
-0.593750
-0.359375
0.179688
-0.179688
-0.812500
0.820312
0.226562
-0.648438
-0.304688
-0.304688
-0.085938
-0.054688
0.554688
-0.468750
-0.328125
0.070312
-0.234375
0.437500
0.937500
0.023438
0.960938
0.570312
-0.921875
-0.515625
-0.054688
0.421875
-0.453125
-0.132812
0.218750
-0.757812
0.687500
0.023438
0.703125
-0.703125
-0.867188
0.804688
0.687500
-0.101562
0.335938
-0.546875
-0.578125
0.906250
-0.687500
-0.179688
0.812500
-0.468750
0.398438
0.523438
-0.992188
-0.000000
-0.171875
-0.945312
0.687500
-0.203125
0.328125
0.125000
0.476562
-0.562500
0.031250
-0.070312
-0.554688
0.148438
0.429688
0.914062
0.367188
-0.625000
0.976562
0.515625
0.632812
-0.156250
0.632812
0.296875
0.867188
0.523438
0.617188
-0.531250
0.117188
0.656250
0.195312
-0.921875
-0.656250
-0.492188
0.937500
-0.953125
-0.437500
0.835938
0.164062
0.632812
0.968750
0.656250
0.781250
-0.125000
-0.648438
-0.671875
0.789062
-0.031250
0.375000
-0.351562
0.757812
0.460938
0.429688
-0.195312
-0.203125
0.257812
0.804688
-0.156250
-0.398438
-0.968750
0.085938
0.062500
-0.382812
-0.906250
0.695312
0.203125
0.375000
-0.812500
-0.601562
-0.101562
-0.226562
0.375000
-0.804688
0.632812
0.500000
0.710938
-0.242188
0.609375
0.000000
0.437500
0.046875
0.460938
0.296875
0.210938
0.796875
-0.054688
-0.320312
-0.023438
-0.757812
0.382812
0.898438
0.882812
-0.656250
-0.867188
-0.945312
-0.687500
0.531250
0.109375
-0.296875
0.296875
0.554688
-0.828125
-0.140625
0.617188
-0.664062
0.789062
-0.695312
0.273438
0.539062
0.484375
0.125000
0.015625
-0.367188
-0.093750
-0.382812
0.296875
-0.109375
-0.562500
-0.125000
0.234375
-0.039062
-0.320312
0.257812
0.179688
0.523438
-0.312500
0.945312
-0.226562
0.453125
0.140625
-0.414062
-0.554688
-0.007812
0.046875
-0.304688
0.218750
0.304688
0.812500
-0.695312
0.140625
0.125000
-0.554688
0.710938
-0.640625
0.851562
-0.875000
0.179688
0.609375
-0.054688
0.585938
0.312500
-0.164062
0.796875
0.742188
-0.179688
0.617188
-0.382812
-0.335938
0.171875
0.218750
-0.687500
0.617188
0.843750
-0.078125
0.945312
-0.375000
-0.171875
0.171875
0.710938
0.312500
0.140625
0.867188
0.960938
0.695312
-0.156250
0.671875
0.421875
0.687500
0.070312
-0.250000
0.101562
0.125000
0.132812
-0.460938
0.875000
0.140625
0.304688
-0.570312
-0.562500
0.250000
0.632812
-0.062500
-0.742188
0.289062
0.562500
-0.054688
0.531250
-0.515625
-0.570312
0.320312
0.007812
-0.453125
-0.414062
0.796875
0.523438
-0.835938
-0.195312
-0.960938
-0.453125
-0.382812
0.148438
-0.273438
0.375000
0.867188
-0.742188
-0.429688
-0.015625
-0.023438
-0.445312
0.546875
-0.171875
0.023438
0.125000
0.250000
0.921875
-0.695312
0.929688
0.210938
-0.093750
-0.820312
-0.507812
0.171875
-0.703125
-0.062500
-0.023438
0.679688
-0.570312
-0.343750
0.117188
0.093750
0.023438
-0.281250
0.632812
0.914062
0.312500
0.570312
-0.585938
-0.000000
-0.000000
0.406250
0.156250
-0.734375
-0.140625
0.421875
-0.507812
-0.453125
0.398438
-0.671875
0.023438
0.210938
0.023438
-0.640625
-0.710938
0.742188
-0.609375
-0.039062
-0.257812
-0.164062
-0.304688
-0.632812
-0.695312
0.507812
-0.664062
0.093750
0.265625
-0.984375
0.921875
0.640625
0.054688
0.343750
-0.242188
0.531250
0.757812
-0.968750
-0.625000
-0.625000
-0.867188
0.210938
-0.148438
-0.789062
0.875000
0.265625
0.851562
0.781250
-0.906250
0.671875
0.796875
-0.093750
0.523438
-0.695312
-0.890625
0.062500
-0.156250
-0.304688
0.562500
0.007812
-0.148438
-0.898438
-0.953125
0.687500
0.593750
0.218750
0.812500
-0.421875
0.820312
-0.062500
0.140625
0.375000
0.664062
-0.992188
-0.820312
-0.992188
-0.218750
0.890625
-0.023438
-0.007812
0.210938
-0.960938
0.843750
-0.406250
-0.414062
0.945312
0.187500
0.648438
-0.671875
0.265625
0.703125
-0.882812
-0.671875
-0.570312
-0.179688
-0.156250
0.289062
0.937500
0.437500
0.921875
0.023438
-0.585938
0.039062
0.101562
0.421875
0.656250
0.656250
-0.500000
-0.531250
0.765625
-0.898438
-0.695312
-0.320312
-0.164062
0.718750
0.140625
0.687500
0.078125
-0.921875
0.851562
-0.117188
-0.734375
-0.476562
0.578125
-0.109375
0.875000
0.804688
0.757812
0.375000
0.640625
-0.023438
-0.414062
-0.625000
0.289062
0.828125
0.195312
0.257812
0.851562
0.656250
0.406250
0.687500
-0.507812
0.070312
0.492188
0.007812
-0.085938
0.921875
-0.406250
-0.710938
-0.273438
-0.445312
-0.648438
-0.382812
0.937500
-0.578125
-0.867188
-0.195312
-0.070312
-0.390625
-0.664062
0.132812
0.976562
0.531250
0.296875
-0.414062
0.546875
-0.992188
-0.343750
-0.789062
0.203125
-0.156250
-0.187500
-0.695312
-0.578125
0.500000
0.398438
-0.289062
-0.054688
0.828125
0.968750
-0.984375
-0.546875
0.039062
0.632812
0.898438
0.960938
-0.976562
-0.492188
0.054688
0.734375
0.210938
-0.117188
-0.875000
-0.234375
-0.882812
0.875000
-0.898438
0.500000
-0.875000
-0.703125
0.867188
-0.429688
-0.429688
-0.765625
-0.093750
-0.953125
0.437500
0.757812
0.070312
-0.601562
-0.171875
0.007812
0.414062
0.625000
0.765625
-0.406250
-0.875000
-0.460938
-0.484375
-0.453125
-0.257812
0.382812
-0.539062
0.726562
0.343750
-0.937500
-0.015625
0.445312
-0.562500
-0.023438
-0.921875
-0.257812
-0.335938
0.828125
0.757812
-0.976562
-0.945312
-0.421875
0.578125
0.414062
-0.281250
-0.750000
-0.742188
0.804688
-0.007812
-0.820312
-0.546875
0.625000
0.000000
-0.578125
-0.851562
0.601562
-0.007812
-0.148438
-0.085938
-0.062500
-0.148438
0.648438
0.867188
-0.789062
-0.734375
0.937500
-0.109375
-0.687500
-0.390625
0.398438
0.984375
0.851562
-0.156250
-0.726562
-0.531250
0.804688
-0.789062
0.023438
-0.343750
0.609375
0.109375
-0.718750
-0.671875
0.625000
0.101562
0.242188
0.742188
0.281250
-0.195312
0.109375
-0.750000
0.523438
0.625000
-0.601562
0.781250
0.250000
-0.468750
-0.156250
0.867188
0.023438
0.429688
-0.195312
0.656250
-0.382812
0.500000
0.476562
0.203125
-0.382812
-0.851562
0.695312
-0.023438
0.406250
0.695312
-0.062500
0.039062
0.523438
-0.109375
-0.570312
-0.656250
-0.406250
0.507812
-0.687500
-0.007812
-0.992188
0.257812
-0.046875
-0.578125
0.156250
-0.984375
-0.890625
-0.546875
0.781250
0.757812
0.812500
0.750000
-0.640625
0.601562
0.570312
-0.984375
0.617188
0.523438
-0.773438
-0.617188
0.679688
0.937500
0.523438
0.656250
0.328125
-0.351562
0.820312
-0.242188
-0.484375
-0.867188
0.304688
-0.109375
0.882812
0.156250
0.070312
0.421875
0.828125
-0.960938
0.406250
-0.320312
-0.953125
0.375000
-0.710938
0.406250
0.875000
-0.898438
-0.656250
-0.000000
0.570312
-0.515625
-0.218750
0.296875
0.687500
-0.687500
0.125000
0.515625
-0.757812
-0.851562
-0.156250
0.953125
-0.703125
-0.109375
-0.476562
0.703125
-0.539062
-0.039062
-0.851562
0.398438
0.804688
-0.859375
-0.367188
-0.085938
-0.765625
0.679688
0.492188
-0.835938
-0.320312
-0.117188
0.882812
-0.664062
-0.976562
-0.445312
-0.992188
-0.656250
-0.367188
-0.187500
0.718750
0.429688
-0.164062
0.171875
0.640625
-0.398438
0.500000
0.484375
0.804688
-0.179688
0.921875
0.921875
0.804688
-0.328125
-0.375000
-0.914062
0.796875
-0.031250
-0.929688
-0.906250
0.234375
0.539062
0.437500
-0.640625
0.960938
-0.460938
0.125000
-0.429688
0.695312
0.156250
-0.289062
-0.523438
-0.617188
-0.242188
-0.304688
0.382812
0.484375
-0.765625
-0.218750
-0.406250
-0.234375
0.703125
0.750000
0.773438
0.640625
-0.859375
-0.257812
-0.445312
-0.734375
-0.601562
0.304688
0.054688
0.234375
0.867188
0.320312
0.367188
-0.617188
-0.335938
0.210938
0.109375
-0.328125
0.734375
0.945312
-0.304688
-0.265625
-0.992188
-0.062500
-0.664062
-0.742188
0.726562
-0.343750
-0.921875
-0.906250
0.195312
-0.312500
-0.671875
0.750000
0.328125
0.132812
-0.460938
-0.429688
0.898438
0.687500
0.882812
0.945312
-0.617188
0.429688
0.031250
0.976562
0.492188
-0.664062
-0.906250
0.585938
-0.312500
-0.023438
-0.406250
0.179688
0.382812
0.250000
-0.921875
-0.117188
-0.976562
-0.148438
-0.625000
0.234375
-0.343750
-0.867188
0.000000
0.398438
0.429688
-0.796875
-0.179688
-0.195312
0.257812
-0.929688
-0.718750
0.695312
-0.554688
-0.773438
0.195312
