25.5642518323
27.9979942686
27.0774191363
27.329220284
27.0076531383
25.3153952556
29.7803601023
34.6298701565
30.5547072595
31.2518740019
26.37085629
26.908824647
28.7891991748
22.8241793942
26.4028219546
27.4729346034
27.1707994673
27.0774409401
24.3555674216
35.0959119784
36.2210528739
29.9121550683
32.3269481989
43.0221875302
41.8282104275
41.5429992628
41.1080498298
40.7595341296
38.5093417547
38.0351823332
42.4683669395
40.618434521
41.8142696135
40.8240693736
41.644116745
42.5443753875
42.2656889006
41.1818882015
41.3604611194
41.2461800455
41.7357954724
45.3330950873
43.2071701529
44.5064639992
45.2605682586
47.4566013807
47.1515671964
45.9528345623
47.4506007835
44.6984652322
43.1078394484
44.6963874177
48.5925945999
45.9204783916
39.7438604423
47.3349391631
50.6485795959
49.0353874617
49.8335692535
28.3390005252
51.7520405092
53.2407469788
52.0514833827
49.2767621733
51.1141996222
45.6231493449
54.4929738792
48.3189204072
51.6160731838
52.6721924367
53.3431880164
52.0719995867
49.6260757702
50.0729858223
58.5343267729
40.4081672184
52.7846176294
51.2959414625
58.1771447354
61.8354633838
61.6121380928
43.2021205964
56.7913113228
61.9763077518
55.405181693
59.4803960647
62.6126285968
55.4446351423
64.1156874417
67.251348523
61.0945553959
64.3961165839
64.4822661197
57.4595257137
58.7825493402
40.008710626
56.8109156617
63.419852782
57.1142579014
46.7084727088
65.1667661633
48.1449235041
64.7920441402
45.6128220222
65.6473256877
39.1882988917
34.6081239333
65.9782298789
65.8046720768
64.7703641084
66.7649309801
65.3266511548
67.5096577498
42.6925500071
63.9752341497
65.2060696281
68.3795298062
38.2900922898
57.0009513382
59.1438143531
67.0866383984
70.4223160447
69.8813278472
68.1548683479
61.2472096561
38.9904885803
69.100611646
54.9212399843
43.9399431711
67.9562990736
67.7752912938
62.9277497301
73.1220225819
70.8007509229
72.8783522904
71.9668716306
70.1721960125
58.6455554929
70.1616978167
72.0712438886
69.3016286408
59.202969279
68.2902638089
72.6387783933
46.4857389014
57.7553028505
72.5054381651
52.6563129906
72.1008882349
72.4878784526
44.6683687046
69.9642887948
70.5447798022
72.041747694
58.2481248051
48.6109741378
60.2217223901
57.7805497421
71.6211956295
73.7631260373
61.8147031743
74.0317328643
44.3478783217
73.7969157371
48.4558200624
62.4860308279
73.9805326581
73.0907778002
47.7206637225
67.8703943695
52.3176867426
71.5941318198
74.6420713958
59.4606454908
75.2742493369
70.8210145528
49.9325056837
76.3325632422
69.8681683995
49.607544477
73.0512725125
63.7051641206
73.9489127052
80.9854419513
76.2610621961
68.5303959077
46.7291636992
70.1530177495
78.9890181177
72.8498198173
77.4185940978
74.5567517847
85.1491054063
80.5901842723
48.5961693301
82.641937156
86.5025277807
38.5095052847
89.2006726181
78.5292997341
86.7440170283
78.0459616446
61.4212698336
43.8324830444
76.3301847991
94.665083102
98.1690467773
60.1761654323
66.9723181069
97.9945968638
91.2544695659
93.2627075443
101.118796157
88.4245074843
100.017236313
96.2494251898
98.4412955278
81.1745689297
90.420092257
64.8515861267
47.2060543577
98.2996906773
39.171847777
73.5086639209
39.0672317813
42.9045906994
104.514785656
68.2697729807
69.3604858058
32.0388213618
30.1827187188
91.3116282425
101.998633098
98.5546958445
90.0422571092
52.0958092778
76.3754419701
78.9286219716
106.369412149
100.940986166
70.6322180573
93.7199437529
109.363291951
105.295398446
108.603668787
104.525762364
62.6851798668
73.208299134
23.5679796866
90.0764589332
62.9450262025
106.135208883
100.569688744
101.940487548
102.741526847
104.086221292
107.713242521
112.073650604
108.910124039
109.953924501
90.4030304583
76.1384319039
105.963297811
42.3796617465
71.4001494255
96.3609170459
95.1553472517
104.681053194
94.3598433879
101.185455342
71.5275311016
83.6958330038
82.8238234962
109.243680813
25.8194225734
116.665196829
77.3019216297
54.2424364659
108.634419951
92.7093169941
100.888583006
101.358929725
104.869206824
76.3782380867
113.160228055
99.7716699288
41.5935042281
89.2930949371
51.3529304812
70.9519371595
101.46612523
111.092791819
108.822344613
25.7615513145
77.4452187318
112.686732642
111.335957783
109.664355069
107.333720165
112.525262814
81.5390040097
74.5740873583
107.312664531
59.0483923993
106.855933538
80.1411482445
33.6898259308
43.9038757917
28.5551981774
112.239546285
37.0963235267
108.890730758
115.201999929
111.093885298
113.501891828
71.0865439329
113.053034525
106.705018215
111.95349316
95.447029083
98.4110664028
116.728693278
108.912877876
112.605868618
69.4398809245
117.416280608
109.096604164
88.1718909907
87.0958990893
24.8987836097
111.536162052
25.7737386182
67.5047213204
118.313366278
114.007935558
114.803380292
99.3068522672
108.739768455
112.478529783
114.91229551
100.674933097
50.0370671777
29.9613756239
83.0790860492
116.569311678
119.110150921
97.6123147786
121.855748304
122.772356421
43.5014209939
117.403815508
121.597820123
56.9161312962
120.640618602
118.989073329
42.0652107631
93.4243947948
123.727647858
122.129021356
118.986276307
62.7106905586
39.2535885515
111.219881048
109.304541659
118.551199799
82.1667965795
112.098397212
124.625643591
127.429409729
120.235326788
123.3091637
113.404596024
118.846538072
121.124187448
25.9569658614
91.2970245974
112.01185172
41.9353621063
115.844291391
84.5075493319
66.4141203376
97.6160451845
123.738292082
123.456249021
60.6669869055
83.9019292196
40.4116098956
26.1664321144
114.183658502
28.1315948001
106.011098115
120.598833434
91.880045725
96.8669541494
125.857666935
67.3866834142
128.311714923
124.73109941
109.690759345
103.0698434
124.128999066
120.525992768
124.58171458
132.417176154
95.3572925397
52.334358761
117.600302006
128.03951355
124.027640851
68.1699457906
108.582264311
44.6959269875
114.965357206
55.5742697989
125.980244208
129.707275991
126.914342436
23.1490426321
126.793457321
31.9419809959
122.967866458
120.238654491
49.3627781813
124.509305266
106.981510642
129.301369823
133.208918319
107.124307246
106.620187233
79.2529199405
140.568623202
129.878589189
36.1885453514
125.18071669
46.7288298738
134.681949165
119.607129276
130.35297152
130.245778617
77.3748846428
134.87115498
23.7368573878
27.9301238837
43.098376495
131.903954046
43.953574985
66.007765173
124.071716797
119.290848965
31.675092287
110.559352342
131.164325233
115.088666317
84.5590248002
31.6263599355
126.365510718
131.998248649
135.189526697
67.3374596526
127.762126778
94.1089327868
73.4101099045
131.413591189
51.3605776765
133.536032574
130.938484872
80.4797849917
114.39327577
121.293889644
137.774217715
35.9921924658
133.963014902
131.694999766
128.342473085
132.30909877
58.1824936915
127.62290464
39.4296821363
131.397132764
101.014014821
133.277005077
57.4394516913
54.0594734975
126.736239811
130.420804925
134.661569722
126.980794499
114.93327855
122.512734403
125.732349047
124.695872116
114.681013114
47.2774399956
129.836837701
26.4174337363
130.005828294
131.25937131
124.052623229
90.9408064057
122.808217791
