41.1928161092
39.5820665498
41.5742808239
43.7599599599
47.9471040951
51.2049569124
49.3259064234
54.0373510356
49.0746169679
49.8694924427
52.1041470225
53.0173883564
55.2221376175
49.6458285261
55.5317674538
53.8235822108
50.2052580439
54.2977744719
53.038112694
55.6157595705
57.9000177987
55.4885467509
55.2158391542
53.6012771542
55.4351668821
54.4086617556
56.7737755107
55.1287669043
56.2236010402
56.2413710623
64.4855382906
57.2789694945
57.0669441893
56.661766474
56.3067595113
57.4832204197
55.9806329608
59.7835498711
55.6040246341
64.5737787003
61.490005961
62.5505016587
58.6471066882
60.2989936128
61.9675083044
66.3652018959
60.5150995665
61.7491359302
62.8222423967
62.6329082326
58.5327514548
61.2659653516
70.7920803974
68.3957851733
65.4571396434
69.3603363112
70.5664827109
70.1665344766
67.0266784395
70.5734947464
72.3833106984
70.9369521617
74.9984975438
73.4474490127
75.4860705069
78.185208317
70.3973900886
71.5587041721
72.3426293461
74.2352048914
77.1938362663
71.5302137716
74.983920158
78.0868475952
82.280686146
77.8337131264
78.6871695309
82.64063882
77.8122556111
82.4349108782
82.9785864097
83.4069295789
81.0451202124
84.4322032726
81.2242954294
79.2562392083
82.4579977805
87.3225007143
85.02416263
84.6028444901
79.0508037854
80.1697877105
86.0836744521
82.3592463832
83.3997857084
81.3086950363
85.7628516858
84.8830980313
80.8132901513
81.1231504042
85.3679511254
82.7703591801
87.0776538767
82.8800859797
83.6631664169
82.6270858046
85.2698627316
84.795872671
81.2473248567
83.4293545404
85.0726690492
81.1814623104
87.6181683663
82.7987642546
86.1922020349
90.5926440537
87.0940152886
90.7897956626
92.3500756529
85.8375359608
88.3404905083
88.5340397066
86.8133144279
85.4430818807
87.5803066813
88.1757578428
91.519720648
88.4633583291
90.7409287563
89.2311297703
92.533487386
91.1508416188
93.3596498949
87.8488148413
87.7550155606
90.8087445984
88.0116288991
91.1991375043
90.0329500422
88.7580783105
84.5719827507
85.5212827739
92.6141196851
86.6533738116
90.1425975372
94.292506091
88.4106483402
91.0885634502
86.9524964057
88.1648149662
89.5796451843
90.9331987402
85.1570609988
90.5112501713
89.590577919
89.2812174887
91.1513880248
90.0197079323
89.1926966284
89.9444346819
89.4152772114
87.7294353021
86.80879245
90.0020952312
90.4311364709
88.7341454262
90.5022372666
91.0997215008
91.2775866657
88.8034088062
89.1523858831
87.2737674447
92.5854630468
90.155760399
91.9514131093
88.4914473008
91.3254852085
94.0072533864
96.1830873837
95.1397042071
92.915275749
97.2088735865
95.5027997584
98.7060500987
99.4519540705
96.4828326558
99.3924003497
101.412210274
105.080538393
104.991786607
105.585688816
104.527859041
103.467670368
106.525454357
107.884940134
111.797141697
107.17559641
109.336874204
110.098307108
108.532487503
114.042615933
111.736419403
118.430386167
110.062868076
116.69822727
117.74297738
119.067326887
112.801947578
123.141039396
116.250321579
115.32029463
117.331059989
117.08232345
116.430641581
120.595556791
113.459721702
122.893521062
119.060294352
118.204676791
123.219399374
124.937205519
124.629882348
123.036485393
119.6902415
128.1839335
121.564622383
124.571768004
124.865363078
128.348008287
119.355106303
126.586920233
126.919091662
120.936815567
124.264112237
127.578854768
126.198112013
123.826135943
128.259332255
127.949831281
124.235243345
134.990560499
126.391703803
130.983668372
125.898130819
125.139132943
124.34594283
124.233461027
132.67881131
130.246622209
125.505133238
134.674403201
135.244313166
127.638682186
131.605623439
134.036964681
131.593897939
128.381793215
136.570437797
134.920946364
130.907783033
137.029823392
140.386115092
134.557299551
134.500700618
133.480808947
127.628845078
137.825146018
130.850363636
142.732965283
134.611144077
142.702278582
145.565226318
147.053179387
139.943695155
139.726049943
146.766774629
134.235297113
135.193468477
139.078025792
141.758751341
136.840026591
138.596505579
134.765518879
139.904949343
139.648399012
136.52162657
134.98421422
134.346692348
137.857019709
135.049860201
131.461079386
139.22108525
138.478920189
139.764603168
135.516200765
139.225583775
139.078017211
138.209710592
141.64241107
134.896944467
138.683503442
142.138580117
139.083460341
129.60406729
132.259110484
139.860916761
139.790107802
139.442723247
136.198441814
131.763008333
137.068412582
135.267624362
136.100204105
138.809215946
139.971861976
132.137140293
135.304555018
133.810807583
133.86234044
139.026799196
139.729328734
139.232328903
136.040565934
141.756223138
137.932628134
142.034885747
134.577721855
142.466347643
139.194095286
138.664337753
138.802797728
130.827048846
139.176403241
138.297904188
135.41590267
140.846502187
146.526360751
142.17046896
140.771704583
146.84672762
144.550781015
142.810444195
140.166342593
135.400949302
143.450996484
146.5230702
141.286658429
152.366973962
146.943715607
148.197366974
145.17702784
144.698722353
150.745423494
147.693459339
147.162806902
147.816402082
152.42365433
145.906954443
144.710910034
143.261467953
146.245513004
143.397759338
147.031663937
142.545087333
143.375218065
144.039137289
149.481715737
149.938884229
156.517866859
144.051644449
145.426467592
148.104707378
142.290089603
145.235489162
143.349965391
150.792323626
146.407098481
147.554646901
147.734166022
148.844198678
141.121907635
148.126945982
144.290602227
148.926464348
143.904117587
144.744319445
147.28715085
152.234799915
144.476865424
144.748886373
147.174732911
141.790297956
151.852924221
143.637927326
149.060929227
148.669179612
148.589696422
147.624036312
141.921278057
154.167520779
146.522363674
146.121890844
146.796258651
149.778158805
151.670737183
148.712146322
147.938076017
151.016322381
156.857560274
150.100996785
150.084337522
147.366977036
148.279916484
150.303921996
147.868340941
153.135094166
149.039356131
151.179286596
150.275626324
154.57902266
151.113471924
147.565876027
151.152575986
146.972988859
150.543389757
154.790662841
155.140070425
152.106071737
150.140558898
150.811350137
161.932581932
149.323511741
149.12383042
153.371748048
151.253996503
152.140727001
154.930378626
149.412431387
149.860567334
157.901599971
156.082598863
151.124027538
154.099153431
157.844150564
151.102979813
155.265189616
151.247131201
149.818284332
150.983210362
154.727840022
152.92149753
152.852721015
148.778176594
153.139153719
148.093345039
150.611803489
149.968177431
153.823222844
148.85878396
149.503698585
153.400974577
155.060862957
151.931176596
149.262247686
155.093028075
150.987839163
150.753048763
154.590470386
147.963965037
162.9209118
148.201681131
153.627257537
151.416475268
154.618057826
155.29309977
150.904340751
146.748595306
149.938611636
153.94577968
152.100290682
150.65640745
152.688692826
156.363523497
151.165720154
147.366867791
154.049927393
148.500122186
153.682841374
153.658720492
145.911214563
152.557207486
153.887568817
156.798886092
152.777518409
153.036120458
150.403715807
147.515700159
155.040961091
141.222678632
146.261126764
