28.3016646493
30.1238610823
30.3766339625
30.8543438813
33.3794820797
35.7167543918
38.2882201529
41.2162962849
42.0367879032
43.3244032704
42.1577159114
43.1432183099
44.6556843383
27.8855482445
28.4387523238
30.0923936397
31.0656542314
34.1402353074
39.5883766651
44.0021535227
47.6835067331
47.2851098818
47.930889286
47.7597864873
47.9460476705
47.9834081136
48.7137433558
48.0575624786
47.2924245661
48.3732991411
48.6055727693
47.2317385159
47.7653184487
48.5785555233
47.9736270098
49.4316982252
49.3551669858
49.1949500222
47.7757650783
50.3129470884
50.0637913507
51.4939902907
49.7869872949
51.9280321067
52.5546952755
54.0194494053
53.7579944144
53.2503387766
53.8069742277
53.0619464965
50.9842722485
52.5249914857
54.233844772
54.6880882745
54.2123166351
57.9957091485
59.8860995315
59.8008003541
60.5398959071
59.9374220873
61.3598518015
62.1236293509
60.2390726872
60.953844706
63.4880134434
64.0227665064
61.343813839
61.1355173577
61.7466494634
62.3130405143
63.7295249477
63.085570832
64.8375333892
67.4870984602
67.7183878636
67.9780985295
68.8860582985
68.0822157964
68.913483769
71.5355311234
70.7939327665
71.6777573803
70.6822646773
71.9501653658
71.778945016
70.8779822501
72.281128633
74.1348583002
73.1430084908
74.0340892081
70.143985801
71.9688138263
75.4266721967
73.7963434952
73.6457922818
71.2099616567
74.587308574
72.5056094071
72.7515622959
71.5950834072
75.2987538144
71.9354611332
74.8476320475
74.519411017
74.3697887039
74.3186501552
74.0443909712
73.8755675264
74.3670414049
74.9244845293
75.3183252784
73.4368836549
77.5067402784
74.1529465378
76.5610412055
80.8953397602
78.2765046421
76.9584025943
80.1588482659
78.2938308331
78.6514259349
79.9142556956
78.9974621376
75.8284338596
78.1695572113
78.2454215059
80.1003133763
79.8011114111
80.9954830155
80.2476093239
77.7848531148
80.4016412359
82.5920207592
78.6633111553
80.0342153155
81.553463807
78.8152045495
80.6577294851
79.0604344294
79.5600310398
78.062991854
77.30201499
81.0460214944
78.9492025482
79.8318103786
81.3965293228
80.2155877347
80.5536017122
79.2660817005
80.8644495802
80.7783217733
79.4868750319
78.0110987459
81.6576622604
81.2240980954
80.5824020799
80.5987143764
80.7736681602
80.7191123147
80.1911054237
81.5642925267
80.5477326399
78.2846237293
80.5870058783
81.753527098
79.9981637847
81.4684552542
82.1552258162
82.6411634807
80.636011397
80.9080438566
79.1140601193
83.0488507122
81.97750015
83.5972973767
79.5582338098
79.3500997721
83.1179316726
81.8565289256
81.6276049409
84.7113859141
85.5660543162
87.2309778237
88.9231767576
87.3545559733
86.6428853564
88.1036362878
89.0956959159
88.958077112
91.0314197944
92.9272362701
92.6470015504
93.7321126268
95.3290954493
96.0044494723
97.9050764409
95.8375727537
99.2702383234
98.7677312223
99.4667185135
103.263383473
99.8119445511
103.485599161
99.4679214059
105.942313909
103.479221862
107.157941823
105.560120663
112.85320009
106.951401322
106.368955632
107.21936825
109.368472508
106.207482573
109.921619134
104.682887586
109.732249732
108.043748735
109.884255573
108.792119327
113.176676491
110.187194212
111.234141439
109.313172809
111.396446071
111.45765638
113.078301196
114.944171316
114.561083685
109.209658346
113.863667038
113.897644433
112.96893601
112.491931803
116.109876387
116.222883039
114.183861257
116.007882559
117.511366109
115.795243388
119.521126241
115.317408065
121.066810389
114.72037185
116.926978773
115.369593036
114.558522772
116.954928247
116.345542204
114.641697511
119.607527649
121.593473814
116.155740131
119.775864703
118.286970339
119.00947178
117.717141163
125.013374602
121.390800715
120.906502562
120.362727288
120.877238611
119.893287603
118.68966017
117.453526156
115.618772148
124.913884556
116.55066787
124.224185209
120.262785506
121.634318857
126.508191866
130.263748694
126.342247099
124.464319287
127.952770231
119.293319873
122.705986393
123.563511162
126.914099859
125.119732935
121.771968669
121.151897822
127.378987387
123.975661931
125.125065424
121.541098777
119.666012179
123.349607809
118.90348768
118.637418404
122.431686386
126.424452315
122.131743396
122.394509057
123.822698477
125.229921623
125.229099507
124.152774391
122.454447869
126.519899041
128.508475094
123.455651877
117.967294411
120.346057178
127.808434871
124.0487679
121.979034205
122.402925756
120.908221947
122.127197214
124.134331916
125.170703326
125.533449039
128.855688925
120.72552817
123.458709873
121.946200758
123.428805375
124.164024624
127.3035402
127.228220102
126.017503194
127.597660318
125.445846421
130.178911692
121.70145665
128.559941216
125.590355147
123.917237697
124.508748643
120.813039337
124.887488683
128.394993459
124.359785051
128.007398528
131.46566
125.703679848
130.209310941
131.022550398
132.59711853
127.281157366
127.024638274
125.07404987
129.439501282
132.691090039
128.346230875
136.703710135
135.880345451
134.308534764
131.953426267
133.382989272
138.421020488
135.417699854
133.712230326
134.535582596
138.785935425
135.543305469
133.988695767
130.571204459
134.96747845
131.546670315
134.50330719
131.621409165
129.728475794
132.617504489
134.805826808
136.31158927
141.474326967
132.995728703
134.593307747
135.555405984
132.810399922
134.861390474
128.957047421
132.92569724
134.295842682
131.625151415
136.972829002
135.511695402
131.64662848
132.595031012
133.011063628
136.370835121
131.309053778
134.06149599
132.927967035
138.002404841
133.544679546
132.312547282
134.647942261
130.645735503
137.401413041
133.324768797
139.986798656
136.983800533
138.849782355
137.076535563
132.889829561
139.578678171
134.072413357
131.772836652
138.021799532
140.199299512
135.367382743
136.061444357
138.939741087
140.27575601
142.968036397
137.802081793
137.984941877
136.970444155
138.369351919
134.911540795
136.37307893
141.761859024
139.424070654
139.954533956
140.436771299
139.622854038
141.896018721
138.101078891
138.903872479
136.378017356
140.487614614
142.501101112
141.544524296
140.863334314
141.393234586
140.988078435
150.643942048
141.083391327
138.379565243
143.208430445
140.764029935
142.687705099
145.084586629
140.567293404
140.071554009
148.145421193
143.898715486
138.200439848
143.546871493
147.181706401
141.253569609
143.509005163
141.80548667
137.344931261
142.524083763
142.356571994
141.642389634
142.482227063
140.719399016
144.426913092
136.940742975
141.697754539
141.655898601
144.342638417
140.146401667
139.454533623
141.913464209
145.070211285
141.779392744
137.477997539
143.442097738
141.054395702
138.274260308
143.34187643
138.073968525
149.37163369
135.690102564
143.708330877
142.958431944
139.405706507
144.878114659
140.072709483
137.665085791
140.064800199
144.090896574
141.095747734
141.972839293
143.173770725
145.465075698
140.078731368
140.273489071
143.690990055
137.757590932
145.512423123
139.208356992
135.962251603
139.466816113
141.129116774
144.420053138
139.812037219
138.704179672
139.25616339
138.456913232
141.729855037
134.153356314
137.241578317
