43.0403141478
43.0244345443
43.9677907566
45.7405508742
52.4105458401
49.2528916098
48.7388137431
48.8635152957
50.116540788
46.642513172
47.8836475184
50.0993942414
50.1811002939
48.6885519313
49.6135597955
50.2570233039
49.3308543315
59.8255001184
50.1752639292
55.3850496721
55.9237279589
61.1217517647
62.7662016936
57.3229037476
58.0992190037
58.0944680868
58.6591592813
63.6900700258
62.5400973188
61.5266133001
69.1989131721
59.911795459
65.7408579936
63.2038831972
62.7850648384
63.506773492
66.1467737807
62.729135368
67.9305165732
67.2878937413
71.7499973531
68.5546572876
71.1474025433
67.8900922305
66.3599094498
68.8256980313
69.5004357611
72.5689304347
74.9292368512
74.3356420868
81.4584798023
76.1208104037
77.082558695
77.2155433219
84.7949961575
83.5327526581
73.4575642029
79.571390376
83.2490625653
76.3090629506
72.4147792703
80.2799725028
77.8871655256
81.4111380261
75.8643644426
76.5572384657
80.1756592838
78.5184386413
81.3556646979
76.2077124275
82.3439447538
82.8277107969
86.3309097546
84.0800437635
82.7442457291
89.6071201985
85.5762309188
90.0637116663
92.4595414866
91.3366982569
97.0981102872
98.0470136421
94.420029036
91.9220682203
97.1197521066
97.2973874907
93.5343003039
93.8790444195
95.7177537237
93.9646323194
98.5826478042
94.5860347897
95.5973868199
93.3899021735
91.4272705875
96.8516988177
101.730988179
92.9713693819
99.9864863518
98.0642977566
92.8271204898
97.1953586957
98.1477934583
94.2408182213
98.199254021
95.2762029513
102.207806042
94.4812826011
100.314660017
99.8079430338
99.7148309902
99.4152344759
98.3818022945
99.0365024858
97.6453578753
98.8460956759
98.6901734788
99.6467410884
99.8142475794
99.6945893197
105.359829946
99.5008569304
101.299471063
100.730719701
94.3180126014
96.390835874
95.0204317461
96.2211740266
104.129892403
94.3041672927
102.549204428
101.204380283
96.8523699017
97.5695042278
103.076290558
97.6773988214
97.2815920375
98.166018649
100.686621816
95.2521931404
98.1635720245
99.5301098615
99.1637318705
97.7207878953
93.9856329937
106.699651263
98.7672277644
100.086746871
99.8808004127
97.1301572287
101.042393042
106.316677619
101.149944241
98.7827388666
97.6501351613
105.325518051
98.2625423864
95.2837993967
105.280849227
96.2962472894
100.835141047
102.513255278
98.6197887587
99.8160478533
97.5724416619
97.0902195255
99.687035506
97.5875184414
95.8254837792
99.3855723288
101.988857804
97.9724599075
102.068360096
99.0855151347
96.6461794996
99.543715346
99.0015600034
98.9212385723
97.3279062892
101.553868003
105.547945288
98.7891182999
102.068492362
98.0413376197
102.24528463
100.317731324
97.458042201
98.5019687964
97.9201632854
101.833492708
100.705680162
100.336258148
106.197090716
97.1726178281
104.095334868
100.729449915
106.695718556
101.310474126
114.529799084
107.890479893
107.392575633
107.902952314
112.222208263
105.919337505
105.109781682
114.94095438
113.960709021
101.259803048
110.693028072
109.073170143
107.456223128
106.980067615
108.629738206
116.603934648
117.462791509
108.621718554
108.89036617
110.544665195
108.943519203
106.415258423
113.008978009
111.307924343
117.163456552
108.222131989
110.982937536
111.82418303
110.049093648
115.487810062
114.807683529
116.204531627
112.729838472
114.616380409
108.908989117
116.31301706
114.222671308
107.138009381
111.789604112
119.613752336
116.154597016
114.788814292
122.692954853
113.568384881
112.952690782
112.955205734
115.768172076
113.465815559
115.747813763
124.641581922
113.271750243
114.48413869
117.223354046
120.354901322
120.583556178
111.290858877
115.284690763
117.088248805
124.53433304
117.691090473
114.725268767
114.551227842
117.817621806
121.089430682
121.849329743
120.822308754
116.781917384
117.235243876
119.801301923
119.759618261
121.257066661
120.092945627
116.981594126
127.635490379
117.401585309
130.77324436
116.060407247
123.176329595
119.870031791
118.344101214
122.459189723
122.922166821
129.169155153
113.696845382
125.02880343
129.658315497
127.725338799
121.865073119
119.407497198
128.121206001
122.017273395
124.381269319
120.548462773
119.487963807
122.375266179
117.027702791
122.897038107
123.157965282
121.157263281
121.317950123
121.622437875
126.472551458
130.26430974
121.120344933
124.2298858
123.607436496
120.732204285
127.856728943
121.11670372
126.767703718
128.232781628
130.556640576
121.799077139
124.327070876
120.110180837
125.46655259
119.455690244
126.516619471
123.226769106
124.174510385
121.525616876
128.133498736
127.391375913
127.67491513
128.79124152
120.663472781
124.450359151
127.916655308
128.997128438
127.94856621
132.68105241
129.332924331
130.619161603
136.815914759
125.934680969
126.750965317
128.082421622
128.218702735
129.759689352
129.372002722
132.113859398
137.86316245
126.266898444
129.428150508
128.306718795
134.572246977
134.966991526
127.250082782
131.675508896
133.093825446
131.096493705
134.991004502
134.268119721
135.709436002
134.494223603
131.034147336
134.231828873
134.098832065
131.251119209
135.940621954
145.197588615
137.322439594
140.784098822
142.581520076
132.840139295
138.309903945
136.176482551
142.70903056
133.881591011
142.591307786
141.242822367
131.337271264
135.027274199
146.121582478
135.673049228
150.49664318
137.296804344
135.812990439
138.635697672
132.774880269
138.909344191
135.897420081
143.077909409
139.589811779
136.437602499
141.280542974
137.267380168
139.497818098
141.460339735
138.516110655
145.622255988
136.801691503
142.068474362
135.320927153
139.102264542
141.277772165
143.100314105
143.152291876
139.604244454
137.860607995
144.498084458
136.203297513
140.329282236
143.414917094
144.365449186
135.47088759
138.001061799
134.940274035
137.888350631
139.510906024
139.983465402
142.092692263
138.430919566
138.034997285
140.292411766
138.880647905
144.890758168
137.740114555
138.648787943
133.396585363
141.582250849
137.441578112
139.728146844
144.053358591
140.726241923
136.956326013
142.656762154
133.359792615
141.391849809
143.57770228
143.212435882
141.875011266
143.052689879
137.420742651
138.016853194
142.858428691
145.816571971
143.988292585
142.87103958
145.141383081
138.592400834
141.263063389
144.034395271
137.726192048
141.358069183
139.966578825
143.721337017
141.389135266
147.727701896
141.224800069
136.740270698
143.662023171
146.826833866
139.537241581
142.73994466
143.423874754
143.66339184
143.15681966
138.74313767
148.822038591
141.176896068
143.289292789
135.438689202
140.492072219
136.783394414
143.89177909
139.088381326
143.567166019
145.486543461
140.170939557
142.505880915
141.670581598
134.547945482
144.671231723
145.887710647
139.947225942
142.575332349
139.342812304
147.0224441
141.696250019
136.828268134
141.580718319
138.538692114
141.162898512
140.457378595
141.363672272
143.72891858
145.558660135
140.388925032
135.212653089
141.821015287
141.538015104
138.814485656
142.033661217
145.531701651
141.725406601
144.215889296
140.331244331
143.668566412
138.199830195
141.659003912
138.680366702
