25.4825117438
26.4737384219
26.5866918725
28.261799544
27.2354298239
28.1677965764
28.7126934116
32.5775302563
37.6159586154
35.9450560184
37.9151430138
38.280066076
31.288567465
34.7118423357
30.8741646479
39.2274311373
37.2281537057
38.7761087023
32.2548037517
38.7334930062
39.46779263
39.8840782554
38.953181879
38.6480356412
29.7348497925
37.0157103588
40.4897258424
34.1682083236
45.7282810485
41.7931857144
45.8006258096
29.8473436277
44.4024609164
44.7106916782
45.9528024131
44.3222055849
45.369380982
38.0405404431
45.6282051699
43.7891463246
48.643135737
47.8415098551
49.3807524796
40.2126296782
49.5941300125
50.4613030814
44.8393742343
55.4638211585
39.651509725
52.1570840485
56.6567324541
46.911415851
56.6369225072
56.7501184569
59.4632611933
39.0132668021
60.8117495291
59.4069970824
63.0407562342
59.2556681597
57.1563769538
55.0367038518
42.170060788
59.5737194429
57.7558584561
53.5379178313
48.2072556448
60.4609508941
45.1191585898
56.8960505666
57.7418150516
59.9345203317
60.186367007
58.6970745001
45.2636369217
32.4980570676
39.8671377436
41.54445969
73.2513214349
66.627524383
65.014636898
71.7816048062
72.6427079627
72.5382690928
41.181440782
76.0686857076
75.8225164425
73.5133355496
75.0540314188
67.6258151094
80.054747148
77.1433745827
78.7377707747
75.7176223329
76.0317912668
73.7109111663
78.7628738684
44.9395547483
76.6069214562
55.629595325
51.4491082048
78.0099105262
54.6943777698
75.9412792412
75.8257494333
69.0678183891
80.9456764329
69.908485788
80.8014119874
79.3588868505
80.2320546912
80.2249124609
76.7160024083
79.8311748165
75.5945514488
56.59636823
77.3290718787
77.1799401196
78.9908126953
78.4807601817
70.8484359715
62.4168383988
77.8052325946
47.5785432156
77.7647554919
44.1763965633
76.1514017958
57.086558935
78.8327078289
75.1441359694
78.8284845443
78.3339742898
77.7330766514
78.0447622643
76.8235084921
78.9566645352
55.9078829414
76.8126447739
56.0217068366
64.1888399708
74.0112286496
63.3345634643
67.6266253253
78.340094387
77.4323182167
79.1482251638
78.3339976977
81.2091801018
77.7599093877
47.9374396842
79.402700233
59.2591732333
63.7527350762
75.5701162223
77.3869597666
50.5507329206
78.2343852904
78.4835275122
81.4201409219
53.5709562286
78.2469187164
80.3447784144
77.3189256191
80.2079573856
54.9525747005
77.9649529357
79.7800729371
42.7592715758
61.3748198543
75.1755364452
77.2669810825
77.2705034468
73.5767809257
74.7103319173
69.9156727393
80.041861745
77.8854303837
75.5381116694
59.7338851273
53.3959502374
57.1080637923
77.9422588976
77.1292464779
77.6198027427
77.2977388948
43.6842957959
78.6432798423
76.4989987041
45.4479009548
80.4468365434
78.2247075366
79.6773913208
81.7200709655
79.5974256947
59.9882967107
75.4869315409
82.0011759109
79.643064049
81.1143981495
81.4457764739
60.526264962
87.6785310829
85.4007771762
83.4659113839
81.5518657261
83.9948914825
87.2548263311
80.1802683795
59.3816668103
84.8844821761
74.5203450334
85.1486877632
85.3163972469
83.6000004894
62.5883759813
86.1622776436
86.2527705771
62.1999307332
84.7665491544
85.1958935563
62.4327716793
87.8271303269
87.6634035164
83.9206853593
87.2991747915
79.366512893
65.3896774962
89.5747557713
72.2952385257
62.9972763652
90.9211530112
90.6825512139
67.9153778048
89.4042849117
68.8752812978
86.2333304596
92.2875731696
85.2376604742
91.7271088157
35.2321016628
69.6251627288
85.7906641267
89.4906370421
56.3319611447
88.2344451484
72.9366064915
91.9923922824
93.5252123362
90.1184914647
86.701822826
91.9196760397
88.923606132
95.5399794178
90.718470305
93.6927538172
89.1038028849
96.5604275427
93.1972915956
88.4970114616
37.5695474698
77.1937731065
94.5126503424
56.3521650632
80.7946408658
81.6249605447
89.0225607621
57.4808298419
61.3485579783
89.7731958365
92.5737786761
91.8198245349
98.5978394354
81.5068617779
95.3358901213
89.7694883489
94.9287903279
95.5900108113
92.7277645988
93.454510545
95.2384586111
93.2533326639
95.3569294858
95.6392641903
99.3474411841
67.6480751594
96.967688147
94.2459870912
96.2053458907
96.4172937153
93.9729428737
66.4466322233
94.6151277555
96.8561563986
67.84572876
94.3381224259
81.7518441291
96.5289900836
100.435300708
79.6820414244
97.1908070821
101.261849768
96.7111722912
98.8756368314
99.4800648641
93.0098949116
61.948859862
71.0999794799
46.795055351
58.6501378487
102.385251136
96.1830158662
93.4277637501
65.9742720691
97.1385722602
93.8697773054
98.1704317691
98.2077555533
96.9996500746
98.5985427032
99.9920584766
100.848010718
98.3938125628
94.0744426831
78.7906387346
101.175807545
92.1184773231
103.416917644
100.875445539
71.8201939764
104.417495678
78.5331432052
101.250652503
103.936613613
100.99462177
100.208712518
105.117282246
78.2628580534
101.362272558
104.949180651
86.3118346377
102.851409414
96.2832370819
98.7003252428
96.2781856602
88.0059086302
101.994714328
98.6912992449
97.7069542775
100.993982651
103.432891387
104.393073201
104.692781433
90.1457515117
101.728969972
73.9999188214
99.7754300698
29.1625336244
105.528718761
97.6988770735
101.595665888
109.59347882
110.849251989
106.326331882
106.904488926
110.250444964
110.10781641
72.149003912
104.907434134
89.6295130659
101.365650086
109.201683606
111.65871882
103.361096441
110.610647777
104.289044622
106.127315566
110.985976349
84.2734094772
101.193555941
89.0265259069
108.090423383
106.200336764
114.367117332
108.119371712
109.124739558
107.473128978
110.367111218
109.412418385
117.146725233
114.615738141
83.2824279737
108.533079419
113.687403366
109.17097962
111.231674887
109.112005784
98.207692051
112.047085802
63.6441251849
111.448720435
112.431033607
110.359542838
110.402403621
105.986060959
112.8610968
74.338554588
111.305831568
78.4405862573
110.580254737
99.6994573979
111.724722959
70.5904383462
68.1582533508
112.775676129
115.781759732
110.822891657
111.052469846
84.5137580705
115.120182017
111.733930625
111.546581534
113.00778401
114.258157791
96.5524039274
113.680188883
110.121409876
99.6746165006
69.8144559982
113.451838193
112.258586301
116.01512544
112.47320356
109.721675422
78.9315166036
111.356682159
117.102985003
111.749234804
112.638897679
112.836784502
70.5372980466
81.6381668747
116.328017826
95.2452593129
107.51500255
121.530116509
117.911037663
120.230281474
110.816392736
99.1026216089
89.5757583665
93.8007405583
118.164266707
115.304790571
110.449889319
112.351713701
113.536972488
106.324797117
116.357744821
111.531189498
75.9836161806
113.121585086
80.1064120673
114.138121997
115.932469952
114.46789173
95.0173793888
111.463746688
116.2181075
109.383340152
94.3615596151
110.391418301
115.520421804
115.322463542
118.984924969
112.785115743
79.2622881095
111.216597276
116.018008101
115.307388247
59.5878016373
118.923520448
118.984590191
107.932675527
118.626591059
107.18067925
73.7581482756
115.530524519
99.6422065289
117.527159918
111.832862464
115.543084089
119.201322383
117.813836224
119.049086414
120.596799016
118.804433103
114.844500511
113.646617956
115.505873905
76.1800081545
