135.361291351
128.2238365
122.894759981
128.390658862
135.772728112
128.825815624
106.03152741
115.518845663
116.19284015
102.432912761
119.183344499
136.728322746
105.265638382
117.291452505
112.414870722
115.423361603
124.364157167
115.112196791
110.167706193
106.390958165
118.677475925
88.9622433885
129.59500762
121.158754347
73.8446282367
113.536898706
118.50910407
111.130565301
109.047220577
110.490639739
120.706426605
112.624382718
116.665866489
129.187324321
109.627682329
107.9526842
104.077219909
129.899552481
87.1075036898
127.273539256
114.873874511
122.400209644
103.415830703
122.480283073
79.4437115974
117.434840822
107.018357139
111.280024394
106.493464642
111.685705196
108.401247548
115.281722797
104.324604736
111.222114518
105.006609109
114.828822018
103.149546285
100.513598571
115.011803453
126.666060775
111.371311334
104.245736229
128.405773259
118.42225746
120.208628321
113.475499561
130.423219083
116.386941106
128.253093019
122.781778491
121.415611575
117.551701664
100.036142202
109.675917547
86.3547449831
101.225383008
111.318010371
131.897301162
113.84714691
118.987647684
129.423295989
111.518828966
118.305434355
108.049258191
120.328067429
122.565903318
110.133820696
81.3909431381
114.263735132
111.240303532
118.667452116
119.960952314
103.701500457
121.007082968
112.520286779
111.868950261
117.210953741
125.986794475
106.564545123
122.502498559
124.508616943
121.685276153
113.965679958
114.80257735
133.109432714
96.5335896417
111.45484831
102.338482486
121.600413457
120.235848269
107.561404002
133.653966705
116.221627054
122.570748701
116.857060056
99.8270366947
99.5191518094
120.691658662
120.673568307
111.740627614
127.724101981
127.886651456
111.381513875
119.228416609
133.972576787
135.879679264
102.688311865
104.524096923
130.212820287
97.8386625185
127.532586919
111.079369513
104.586607171
128.062871796
118.774689342
134.74746118
102.683018092
117.227739849
111.614134139
99.1072371348
124.486864157
96.4921685236
136.889969589
100.285596912
109.149197408
146.115503744
122.026634439
119.843013581
119.463860328
131.06198846
128.50900102
130.81172319
120.002673912
105.23685722
128.450854697
117.836546825
110.679145668
124.725330752
114.535030425
104.410481222
111.936833125
106.902609516
113.831024494
96.0983320273
112.578838503
114.595428204
108.962450111
107.542782638
109.264133646
105.793924655
121.797081944
115.859668951
119.957780116
115.116503288
116.18443131
131.980603237
102.828733012
120.925755418
113.464677411
119.97826406
107.348746692
100.403431056
112.936899674
130.778127309
111.284324644
97.2235003936
110.923434332
109.625243581
113.493283317
111.396230243
114.39783289
107.011115901
117.595296629
110.742024805
129.703071665
102.602265106
114.582181004
115.648667805
116.652675858
121.942890239
92.9930778832
107.39141066
134.676943677
126.107374486
106.215164093
115.563877324
105.053507465
117.136575657
107.020041295
113.484231393
95.6095708265
116.627260303
114.925927095
99.9627813481
120.177768088
101.398319218
133.836233306
87.951354743
97.0572594928
124.223795109
102.33563305
102.258601258
124.532607342
129.348568004
109.713737284
102.245482826
122.777894897
113.797000828
121.815568988
120.388435049
141.125892531
135.022036871
104.9601929
102.97270701
124.911071855
104.077717295
104.972946843
131.014897548
118.894133436
114.097640861
127.491354824
101.821985993
113.367901744
109.058049883
111.084535499
106.674398404
121.259589018
141.334191418
91.0580056543
115.993641418
110.557197467
111.679370001
120.042378947
113.026865732
115.787253315
116.597046816
107.872903782
99.0140478606
120.922752702
92.1060842037
125.034874485
105.589868822
127.278029632
117.110227081
119.869552364
131.737276041
112.749380761
128.261903809
104.002048117
118.330593489
104.447562335
108.861338526
106.128349921
128.745887457
120.238971683
120.360914101
103.422605294
118.31147078
123.935990211
84.7604359177
119.698301853
128.212560429
124.12295748
135.819168483
116.337033805
145.287408452
127.975628775
121.045915401
119.712630626
105.528610267
107.478638325
103.50832853
102.102398811
114.792370415
139.903388405
125.119463264
126.931213098
109.152656907
109.008637799
120.147946736
134.30305427
124.408302725
126.820770729
114.192474751
116.137995644
122.170199974
135.463082376
107.291334539
112.450386729
134.097211822
129.840451364
111.473251869
90.6910395203
123.740163453
106.30635678
131.392422596
114.714061355
129.1300718
98.1386194934
106.536832454
127.851123684
121.577490292
122.516122368
91.6516445457
118.634156106
103.222619498
115.971361868
113.280820197
106.04801507
118.009806406
95.2216740895
105.291341299
121.343459547
100.388949019
113.344490007
125.572040007
113.934071983
122.520536718
124.661981318
118.397966912
106.454681904
109.655970377
112.347572323
121.372956153
129.88186121
121.703805951
110.568443023
116.255711176
120.466621879
113.699177932
116.972598166
133.339726613
124.918206915
122.693678685
115.013732933
113.79645075
105.651779226
99.7342954507
125.085107946
111.63377784
115.925137559
92.1941876725
112.092400346
133.678727044
120.62220722
138.215985651
113.997950484
108.982055114
125.958726208
108.774052183
136.902078412
101.754919602
97.3984460599
131.038098825
116.98681597
108.362481235
121.430978502
113.539141402
115.765508659
112.859678284
116.940996792
106.490952457
116.152088694
119.751484073
99.1195212391
83.8475829128
125.529014048
115.609033389
144.884843734
108.9604565
107.098916537
95.3789456788
121.072595896
117.949634203
120.318982574
109.639262771
106.805346658
117.641340051
122.060405914
122.599793328
109.803909754
119.121773964
132.9164072
123.069757645
115.98919598
108.332891264
113.791024337
130.116477606
112.388572885
119.883209175
110.686753726
106.271598879
125.608580493
115.226358224
114.91996798
104.228767704
103.881266684
121.78702332
115.409722689
117.305386762
101.954083306
115.044086682
125.284523843
111.09626503
96.9129385633
103.357128754
115.069167747
119.208747122
116.493952531
118.374358002
124.219256721
125.685596665
120.951362968
137.341522828
116.060036537
108.388432569
89.2777500204
114.62578143
138.060628024
114.798015646
128.045116753
115.372248465
117.363708854
85.5585946069
127.049123306
113.898764945
118.815200731
129.11774251
121.852872076
108.896994688
120.751319138
121.102698233
122.387203966
118.958103182
116.661296156
115.237052668
123.897175439
120.202286744
111.904748544
109.937705945
127.142518439
116.984557337
124.823173394
119.671740402
113.636717434
106.58657951
118.28482169
121.093167571
118.086980107
121.081134198
102.245312693
131.826153537
109.773477303
99.4718660669
115.202127683
125.303466795
102.307754075
119.230820487
124.297231139
130.50762302
108.694109568
119.489586948
126.790195035
118.305120417
117.869002387
123.404221325
115.058502818
115.445098275
125.119191535
110.560062822
103.522848846
118.969473761
126.421479607
100.146553705
127.667072635
123.243921379
122.014144617
129.102963167
118.370584637
130.483685193
