100.924627333
104.31803669
98.3673283463
111.857534627
121.514974546
128.426151252
103.452235952
117.591038752
110.349784194
102.068875085
103.991975166
102.165440352
114.040344467
107.953295187
107.209647504
112.146868284
104.663
107.186536121
115.170670773
102.787059931
110.817620954
110.188736306
106.797921261
98.84105516
102.028167509
111.959548268
108.1660187
111.279994147
107.694027134
115.50979984
110.485966435
102.947588495
102.137238797
111.064091079
106.474643498
120.654645961
112.02213736
116.301959103
110.859609963
110.760811915
111.657898426
111.378390261
105.512342653
110.042419722
106.16472074
110.079488264
110.466321124
106.277335943
113.756242504
108.74995847
115.564614609
101.179510674
104.36350825
120.511110005
102.794661899
108.202117243
98.8783755411
109.450590892
108.137773136
105.593965929
107.615512148
108.42653678
107.795382168
104.588925143
114.283496606
117.947992545
109.238652058
105.68886124
112.888073611
110.955203106
109.084667176
106.718930762
113.628800515
113.928475412
113.585011293
110.047786342
105.846246406
108.718644574
111.178643307
112.378860443
115.036089569
102.481539583
105.261799694
105.185168174
119.177806683
111.532533501
114.281981176
111.188338839
106.894129109
119.418591701
104.561656488
116.407656743
117.075345447
101.834876814
116.333531811
105.305621305
111.068939177
103.86361105
102.956695115
108.800802675
110.566624956
104.488816478
117.615862479
104.521074554
108.590034021
103.492807876
102.856375547
111.749003826
108.365903656
119.173374449
113.570618789
112.854785966
99.4709493067
98.6677200178
108.755567189
118.993398592
105.16451569
112.332026872
117.19395503
108.031941536
112.261237658
111.401700443
106.352228411
91.722998737
105.479701759
112.681558051
110.516675466
107.090384943
110.700551815
106.974236547
108.416401283
105.241160662
113.671909511
112.724185197
108.949277203
110.401016503
104.212562234
106.668264077
115.557089311
111.613743467
110.884761189
98.9583112787
112.56646114
106.089069086
106.350305282
113.658386141
98.7801305044
104.601345535
107.300565917
107.065446821
109.265029469
101.360269908
103.39632345
109.86444936
107.649158517
107.823899762
108.335566123
104.014429667
107.778310558
110.127477097
112.108877181
105.772661247
104.078325577
104.777134935
109.08801222
102.364203867
109.482931758
115.649886331
112.690180472
108.53628124
104.158139506
108.246228576
113.324147408
111.595740427
110.380707284
110.900478827
99.574840838
109.591799538
106.614931249
107.516487546
106.609830675
111.539293685
104.717987159
114.292505676
107.280934689
109.848659277
108.259615756
115.861613851
108.05564521
113.451286011
109.454646041
108.209334027
103.047323376
109.416564007
109.595594437
110.117227476
100.713419808
108.624290518
104.552977288
119.008275499
114.497102792
109.978889464
116.997968693
104.089850214
117.718316048
105.124175874
113.176547791
107.437991481
121.754002371
100.964612755
113.410199358
114.1476274
109.087580169
108.45036838
121.768607728
111.870056419
111.290153944
109.186281058
111.342495658
111.48044865
117.018316822
109.149106899
114.822084974
105.623891701
102.515935189
114.098051342
112.656801618
113.299342357
100.686293951
112.058774242
112.548018538
107.692357643
107.407681186
102.906447081
112.42562656
106.613326372
107.400509282
105.083033022
111.784701284
117.166829794
115.472365226
109.275374243
110.890092018
104.026330088
109.517873785
107.540121033
102.438140208
101.632154158
111.863836345
110.829122641
111.276970246
109.094386711
106.637039053
104.581260272
116.861357341
107.951404327
106.789897966
114.575319371
110.624110765
111.110364168
108.418342893
101.34508117
113.876907654
102.081545025
103.970385224
102.620341431
108.386887527
100.99100484
112.912608613
108.256411057
102.770369276
107.641641589
125.360331331
112.712441637
120.259354231
101.458032327
101.476989147
103.440775035
112.532354263
115.728316613
117.714584883
105.198892764
114.274480224
109.618047985
110.752691138
105.734401339
106.347855247
97.9800735026
120.684773603
110.678516681
103.721592463
102.282932653
114.99269332
99.5357720992
111.764153324
113.101576573
112.777414785
107.241026607
97.8225338607
92.4054158356
111.755134247
118.438152751
100.86022953
101.781635578
106.74855725
103.895043701
112.40509454
98.4374068816
98.2511466686
104.179869355
109.96037713
105.700287725
114.473487678
103.986216262
109.921602966
101.18491797
100.829425776
115.196498817
110.437699162
113.662641098
120.496290656
108.683129065
115.378557961
120.336672438
114.037482567
128.919533017
103.109550984
118.049569953
99.4329850873
117.418427434
99.2663008533
114.195938413
104.786665024
116.021073874
111.452158789
109.353838777
116.504685482
108.349853907
112.339374601
117.190754395
118.993472563
116.202809033
105.052802476
108.218811318
108.238563067
116.647115637
110.162676486
120.544059316
108.298833475
109.42669445
102.069192816
111.54630815
99.5375623285
109.392003825
111.811259982
103.452077978
108.285626621
105.642340255
103.03184134
105.051387056
121.975235014
108.401448854
110.136834649
110.270260416
107.220868699
112.857026587
114.594010702
101.673772829
108.123347436
101.824500191
112.100786788
112.85205862
109.094017996
113.246969886
102.439250699
109.352626463
113.490432526
115.03509286
111.009175326
112.33265646
104.970253045
107.653548373
107.054936275
109.650464308
109.748153833
104.618772541
105.814971611
117.571204496
106.283754077
111.978086573
109.750250074
107.355758517
108.249545704
110.866484105
110.454794925
99.8187559518
116.349161379
104.876722512
102.142209366
118.126409448
104.244836831
109.031341999
111.219350519
114.239805706
111.506397627
104.930021349
105.422249436
106.050796693
111.641780392
111.907703308
108.577793318
111.725062976
113.173648215
112.653605514
113.962713431
115.52512868
107.742459632
118.764558559
107.873460679
117.243379218
116.574445598
104.931923358
105.71086907
99.2514255742
120.291750287
111.655954253
106.381406031
107.065427885
112.658970127
102.838044172
125.053710198
106.462999511
101.974962721
118.516355567
111.125188726
107.764565599
108.417634152
101.642295984
113.088163834
112.458115715
108.906138766
105.995931106
115.789303849
113.674824924
109.21775502
108.162155258
106.935120995
108.566845623
111.611376849
116.269700135
105.245594306
109.67482195
112.252581609
112.715194212
111.767410063
110.360260167
111.626909176
111.974603565
106.976441862
104.66809411
112.528586759
111.809097234
101.17105159
102.895332892
108.087697733
110.596011267
105.072354141
109.868899679
110.542874803
112.627799106
114.239575188
114.187082315
105.487875455
106.660568764
111.853181308
112.016090059
108.672420066
101.927932865
106.725443295
116.117030249
106.054696911
111.943920013
108.969727949
105.954092116
113.798810182
109.284067311
100.185298901
117.04237971
115.573390016
106.421059674
105.217346791
112.714788366
109.60275038
97.9206519259
106.631051593
103.344645386
102.248091085
96.4945275359
99.5560224464
90.1070252961
