2
0
0
8
40
8
-0.289062
-0.359375
0.648438
-0.703125
-0.187500
0.875000
0.687500
0.679688
-0.500000
-0.125000
-0.265625
-0.882812
0.007812
0.023438
0.609375
0.617188
-0.320312
0.101562
-0.070312
-0.007812
-0.578125
0.414062
-0.984375
0.109375
0.601562
-0.875000
-0.671875
-0.093750
0.242188
-0.414062
0.187500
0.406250
0.054688
-0.132812
0.695312
-0.921875
-0.632812
0.859375
0.414062
0.195312
-0.546875
-0.960938
0.632812
0.593750
-0.625000
0.718750
0.414062
0.445312
-0.015625
0.296875
-0.359375
0.414062
0.828125
0.320312
0.257812
0.562500
-0.812500
-0.164062
-0.992188
0.164062
-0.257812
0.546875
-0.656250
0.312500
0.593750
0.234375
0.140625
0.820312
0.492188
0.125000
0.039062
0.476562
-0.109375
0.406250
0.851562
0.968750
-0.679688
-0.679688
-0.984375
-0.257812
-0.226562
0.632812
0.953125
-0.132812
0.343750
0.828125
-0.257812
-0.171875
0.070312
-0.773438
0.437500
-0.875000
0.140625
0.593750
0.429688
0.351562
-0.492188
0.210938
0.031250
0.414062
0.195312
0.140625
0.867188
0.117188
0.226562
-0.757812
-0.546875
0.781250
-0.070312
-0.843750
-0.437500
0.007812
0.359375
0.476562
-0.570312
-0.437500
0.570312
0.929688
0.179688
-0.132812
0.695312
-0.656250
-0.531250
-0.046875
0.882812
-0.289062
-0.492188
-0.445312
-0.460938
0.359375
0.218750
-0.992188
0.539062
-0.140625
0.953125
-0.882812
0.054688
0.562500
-0.992188
-0.015625
0.039062
0.281250
-0.531250
-0.843750
-0.523438
-0.984375
0.203125
-0.484375
0.757812
0.640625
0.492188
-0.742188
0.187500
-0.406250
-0.625000
0.632812
0.507812
0.062500
0.281250
0.882812
0.828125
-0.140625
0.109375
-0.382812
0.601562
-0.031250
-0.953125
0.921875
-0.023438
-0.445312
-0.101562
-0.539062
-0.453125
0.796875
0.742188
0.875000
0.953125
-0.664062
0.117188
-0.148438
-0.703125
-0.031250
-0.507812
-0.453125
-0.968750
-0.703125
0.859375
-0.093750
0.343750
0.726562
-0.648438
0.679688
-0.804688
0.640625
-0.140625
0.523438
-0.046875
0.757812
0.945312
-0.718750
0.093750
0.632812
-0.531250
0.476562
0.304688
-0.562500
-0.406250
-0.562500
0.617188
-0.765625
0.468750
-0.382812
0.429688
0.445312
0.453125
0.406250
0.773438
0.460938
0.382812
0.640625
-0.617188
0.156250
0.523438
-0.976562
0.382812
0.429688
-0.703125
-0.625000
0.851562
-0.734375
-0.390625
-0.703125
-0.101562
0.171875
-0.359375
0.171875
0.062500
0.148438
-0.882812
0.101562
-0.859375
-0.945312
-0.164062
-0.414062
0.250000
0.546875
-0.078125
-0.796875
-0.765625
-0.093750
-0.601562
0.859375
0.039062
-0.015625
-0.796875
0.960938
0.437500
0.507812
0.523438
0.828125
0.968750
0.320312
-0.117188
0.843750
0.906250
-0.382812
-0.296875
0.640625
-0.453125
-0.773438
0.242188
0.539062
-0.828125
0.054688
-0.820312
0.085938
0.460938
-0.968750
0.390625
0.695312
0.015625
-0.781250
-0.031250
0.710938
0.976562
0.562500
-0.226562
0.476562
-0.226562
0.914062
0.335938
0.179688
-0.648438
-0.023438
-0.312500
0.078125
-0.140625
-0.101562
0.382812
0.695312
0.320312
0.015625
0.351562
-0.585938
0.539062
-0.953125
-0.523438
-0.750000
-0.468750
0.562500
-0.335938
-0.695312
0.734375
0.078125
-0.000000
0.304688
0.335938
-0.539062
-0.968750
-0.062500
0.718750
-0.218750
0.679688
-0.085938
-0.554688
-0.671875
-0.453125
-0.734375
-0.546875
-0.476562
-0.531250
0.585938
0.562500
0.421875
0.460938
0.117188
0.953125
0.929688
-0.617188
0.539062
0.507812
-0.671875
0.226562
0.351562
0.445312
0.804688
-0.015625
0.703125
0.835938
-0.437500
0.625000
0.226562
-0.109375
0.656250
-0.265625
-0.304688
-0.859375
0.242188
-0.281250
0.109375
-0.335938
-0.609375
0.406250
-0.539062
-0.546875
0.789062
-0.484375
0.507812
0.750000
-0.539062
-0.921875
0.554688
-0.125000
-0.015625
-0.468750
0.507812
0.406250
-0.234375
-0.203125
-0.718750
-0.781250
0.460938
0.843750
0.320312
0.976562
-0.617188
-0.789062
0.406250
0.632812
-0.179688
-0.875000
-0.648438
0.593750
-0.195312
-0.632812
0.265625
0.468750
-0.023438
0.726562
-0.656250
-0.554688
0.937500
-0.976562
-0.148438
-0.156250
0.851562
-0.945312
0.968750
-0.070312
-0.781250
0.976562
0.195312
-0.359375
0.429688
-0.078125
0.671875
-0.289062
-0.218750
-0.046875
-0.812500
0.968750
-0.828125
0.507812
-0.304688
-0.320312
0.390625
-0.054688
-0.664062
-0.265625
0.851562
-0.437500
-0.203125
-0.945312
-0.789062
-0.742188
-0.898438
-0.078125
0.351562
0.085938
-0.406250
0.210938
0.304688
0.882812
0.000000
-0.835938
-0.750000
-0.265625
0.007812
0.914062
-0.453125
0.039062
-0.515625
-0.984375
-0.320312
-0.195312
-0.398438
-0.390625
0.484375
-0.726562
-0.710938
0.601562
0.320312
-0.367188
0.015625
-0.804688
0.882812
0.726562
-0.406250
-0.296875
-0.070312
-0.562500
-0.617188
-0.898438
0.804688
0.406250
-0.132812
0.164062
-0.085938
0.914062
-0.164062
-0.218750
-0.765625
-0.062500
0.468750
-0.398438
-0.937500
-0.085938
0.398438
-0.125000
0.968750
-0.375000
0.812500
-0.179688
0.500000
-0.968750
0.515625
-0.125000
-0.734375
0.570312
-0.226562
-0.937500
-0.859375
0.562500
0.203125
-0.562500
0.101562
0.156250
-0.046875
0.710938
-0.484375
-0.414062
-0.343750
0.968750
-0.101562
0.085938
0.781250
-0.882812
0.195312
0.859375
0.187500
-0.367188
-0.531250
0.656250
0.304688
-0.945312
-0.906250
0.781250
0.234375
0.125000
-0.671875
0.468750
-0.921875
-0.132812
-0.679688
-0.640625
-0.257812
0.414062
0.625000
-0.234375
-0.179688
-0.578125
-0.007812
0.625000
0.226562
-0.765625
0.023438
-0.125000
-0.304688
-0.101562
0.054688
-0.882812
-0.968750
-0.070312
0.195312
-0.562500
0.453125
-0.304688
-0.023438
-0.421875
-0.867188
0.437500
0.062500
0.296875
0.218750
-0.007812
-0.851562
0.460938
-0.578125
0.968750
0.726562
-0.054688
-0.968750
0.992188
0.234375
-0.593750
0.500000
0.625000
0.593750
0.648438
-0.804688
-0.289062
-0.093750
0.968750
0.781250
-0.578125
-0.062500
-0.367188
0.031250
0.179688
-0.570312
0.953125
0.570312
0.218750
0.367188
-0.468750
-0.320312
0.031250
0.593750
0.976562
-0.312500
0.265625
-0.117188
0.046875
0.007812
-0.031250
-0.523438
0.875000
0.046875
-0.484375
0.156250
0.367188
-0.554688
-0.226562
-0.382812
-0.664062
0.906250
0.515625
-0.843750
0.406250
0.945312
-0.835938
0.914062
-0.664062
0.703125
-0.242188
0.382812
-0.140625
0.687500
0.484375
-0.406250
-0.242188
0.625000
0.093750
-0.929688
0.664062
-0.500000
-0.000000
-0.281250
0.125000
-0.703125
0.554688
-0.351562
0.039062
-0.039062
-0.218750
0.625000
0.304688
0.828125
-0.851562
0.546875
0.070312
-0.093750
-0.500000
0.453125
0.992188
-0.757812
-0.250000
0.335938
-0.437500
-0.710938
0.351562
-0.820312
0.703125
-0.695312
0.523438
0.132812
-0.281250
0.648438
0.820312
0.421875
0.468750
0.531250
0.429688
0.226562
-0.757812
0.335938
-0.375000
0.921875
0.585938
-0.539062
-0.710938
0.531250
0.078125
0.523438
0.796875
0.343750
0.242188
-0.398438
