2
4
0
8
40
8
0.851562
0.726562
-0.382812
-0.781250
0.515625
0.546875
0.265625
-0.523438
-0.007812
-0.179688
0.718750
0.656250
0.195312
0.320312
-0.093750
0.617188
-0.835938
-0.468750
-0.820312
0.554688
0.906250
-0.804688
0.429688
-0.117188
0.640625
-0.468750
-0.398438
0.484375
0.773438
0.531250
-0.671875
-0.226562
0.781250
-0.625000
-0.757812
0.359375
0.585938
-0.500000
-0.898438
0.351562
-0.218750
0.062500
0.609375
-0.015625
0.539062
-0.367188
-0.882812
0.273438
0.078125
-0.773438
-0.125000
-0.945312
0.718750
0.218750
-0.484375
0.953125
-0.929688
0.953125
-0.101562
-0.937500
-0.468750
-0.328125
-0.718750
-0.671875
-0.093750
-0.093750
0.390625
-0.953125
0.164062
-0.867188
-0.382812
0.710938
-0.156250
-0.523438
0.117188
0.437500
0.898438
-0.796875
-0.351562
-0.531250
-0.867188
0.007812
-0.687500
-0.062500
0.382812
-0.664062
-0.265625
-0.570312
0.984375
0.804688
0.851562
0.304688
-0.242188
0.046875
-0.125000
0.632812
0.078125
0.828125
-0.984375
0.046875
-0.875000
0.984375
0.851562
-0.429688
0.367188
0.156250
-0.523438
0.187500
0.476562
-0.187500
0.851562
0.156250
-0.554688
-0.671875
0.085938
-0.757812
0.898438
0.015625
-0.437500
0.320312
-0.656250
0.710938
0.742188
-0.562500
-0.296875
0.718750
-0.781250
0.132812
0.453125
0.687500
0.632812
-0.343750
0.101562
-0.031250
-0.703125
0.195312
-0.234375
-0.945312
-0.007812
0.421875
-0.539062
-0.843750
-0.781250
0.179688
0.640625
0.031250
-0.859375
0.625000
0.046875
0.992188
0.890625
-0.429688
-0.289062
0.632812
-0.273438
0.632812
-0.406250
0.445312
0.429688
-0.429688
0.632812
-0.500000
0.937500
0.976562
-0.078125
-0.921875
0.382812
-0.656250
-0.382812
0.945312
-0.195312
0.054688
-0.406250
0.664062
-0.179688
-0.554688
-0.062500
0.109375
-0.875000
-0.218750
-0.015625
0.726562
-0.195312
-0.585938
0.617188
0.554688
0.148438
-0.453125
-0.820312
0.109375
-0.382812
-0.757812
0.023438
0.828125
0.914062
-0.984375
-0.617188
-0.429688
-0.593750
0.679688
0.875000
0.492188
0.406250
0.656250
-0.023438
0.625000
0.867188
0.679688
-0.968750
-0.125000
0.898438
-0.679688
0.164062
-0.570312
0.859375
0.617188
-0.906250
0.585938
0.226562
-0.437500
-0.031250
0.125000
-0.039062
0.953125
-0.765625
0.140625
-0.976562
-0.648438
-0.148438
-0.671875
-0.320312
-0.125000
0.304688
0.570312
-0.257812
-0.671875
0.835938
0.203125
0.507812
0.625000
-0.570312
0.179688
-0.406250
0.429688
0.140625
0.546875
-0.804688
-0.179688
-0.945312
-0.601562
-0.875000
-0.601562
-0.562500
0.359375
-0.929688
0.703125
-0.000000
0.445312
0.507812
0.429688
-0.414062
-0.851562
0.648438
0.109375
0.078125
0.460938
0.835938
-0.765625
-0.632812
0.320312
-0.109375
-0.390625
-0.843750
0.218750
0.539062
-0.609375
-0.281250
0.164062
0.164062
0.554688
-0.671875
-0.453125
-0.468750
-0.382812
-0.062500
0.312500
0.773438
0.015625
0.687500
0.703125
-0.398438
-0.453125
-0.890625
0.812500
-0.257812
0.398438
0.093750
0.414062
-0.289062
-0.070312
-0.921875
-0.960938
-0.414062
-0.859375
0.039062
-0.984375
-0.210938
-0.867188
-0.710938
-0.085938
0.726562
-0.328125
-0.031250
-0.195312
-0.343750
-0.773438
0.554688
-0.312500
-0.796875
-0.695312
0.757812
-0.312500
-0.234375
-0.843750
-0.640625
-0.843750
0.429688
0.789062
-0.953125
-0.500000
-0.882812
-0.828125
-0.429688
0.289062
-0.523438
0.976562
-0.210938
-0.773438
-0.390625
-0.335938
0.687500
-0.023438
0.289062
0.117188
-0.281250
-0.726562
0.312500
0.109375
-0.554688
0.445312
0.507812
0.875000
-0.195312
0.203125
0.828125
-0.148438
-0.101562
0.320312
-0.828125
0.289062
0.484375
0.156250
0.960938
0.046875
0.640625
0.992188
0.406250
-0.726562
0.007812
-0.187500
0.929688
0.210938
-0.468750
-0.351562
0.507812
0.234375
-0.148438
-0.367188
0.375000
0.781250
0.453125
-0.164062
-0.679688
-0.843750
0.953125
-0.906250
0.546875
0.125000
-0.765625
-0.453125
-0.921875
-0.984375
-0.171875
-0.835938
-0.898438
-0.757812
-0.250000
-0.531250
0.968750
0.562500
-0.726562
-0.140625
-0.890625
0.132812
-0.218750
-0.976562
0.531250
-0.328125
-0.812500
-0.085938
-0.984375
-0.132812
0.148438
0.968750
0.875000
-0.031250
0.117188
0.609375
-0.476562
0.351562
-0.562500
-0.507812
0.445312
0.554688
-0.703125
-0.468750
-0.414062
0.320312
-0.179688
0.429688
-0.046875
-0.406250
-0.945312
-0.125000
0.820312
0.640625
0.164062
-0.710938
-0.117188
-0.054688
-0.617188
0.445312
0.460938
0.132812
0.710938
0.093750
-0.734375
0.156250
-0.437500
0.554688
0.531250
0.570312
0.179688
0.773438
-0.406250
-0.046875
-0.476562
0.265625
0.351562
-0.914062
-0.546875
-0.960938
-0.812500
-0.992188
-0.437500
0.726562
0.992188
0.304688
0.156250
0.203125
-0.453125
0.304688
-0.296875
0.765625
-0.414062
0.859375
0.742188
-0.187500
0.531250
0.882812
0.765625
-0.585938
0.843750
-0.937500
-0.757812
-0.265625
-0.898438
0.625000
0.023438
-0.445312
-0.828125
-0.992188
0.585938
0.218750
0.929688
0.734375
0.976562
-0.843750
0.257812
-0.671875
0.648438
0.414062
-0.554688
0.242188
0.609375
0.906250
0.523438
0.718750
-0.015625
-0.671875
-0.273438
0.257812
0.062500
0.242188
-0.492188
-0.632812
0.703125
-0.320312
-0.023438
-0.320312
-0.062500
0.835938
-0.187500
0.429688
0.367188
-0.382812
0.375000
0.804688
0.328125
0.375000
-0.851562
0.078125
0.781250
0.843750
0.320312
0.875000
-0.500000
-0.984375
0.734375
0.812500
0.343750
-0.351562
0.242188
-0.289062
0.585938
0.015625
-0.414062
0.585938
0.734375
0.562500
0.320312
-0.750000
0.742188
-0.507812
0.164062
0.070312
0.007812
-0.625000
0.625000
-0.687500
-0.593750
-0.695312
0.781250
0.179688
0.203125
0.625000
0.062500
0.406250
0.945312
-0.320312
0.843750
0.804688
-0.125000
0.132812
-0.992188
0.218750
0.007812
0.359375
0.437500
0.781250
-0.117188
-0.304688
0.234375
-0.492188
-0.437500
-0.265625
0.796875
-0.398438
-0.593750
-0.703125
0.898438
-0.648438
-0.867188
-0.812500
-0.492188
0.039062
0.117188
0.484375
-0.546875
0.101562
-0.460938
-0.320312
-0.453125
0.625000
0.679688
-0.273438
0.242188
0.929688
-0.187500
0.750000
-0.554688
-0.023438
-0.562500
-0.625000
0.054688
-0.914062
-0.265625
0.906250
-0.203125
0.125000
-0.179688
-0.203125
0.601562
0.179688
-0.500000
0.460938
-0.968750
-0.210938
0.062500
-0.960938
-0.203125
0.351562
-0.195312
-0.664062
0.226562
-0.484375
0.960938
0.796875
0.085938
0.734375
0.265625
-0.156250
-0.125000
-0.750000
-0.687500
-0.070312
0.695312
0.585938
0.468750
0.046875
0.687500
-0.078125
-0.000000
0.515625
-0.914062
0.875000
0.164062
0.507812
0.804688
-0.468750
0.445312
0.343750
0.335938
-0.796875
-0.460938
0.687500
0.812500
-0.101562
0.156250
0.539062
0.601562
-0.976562
-0.453125
-0.367188
-0.328125
0.601562
-0.562500
0.101562
-0.265625
0.578125
-0.000000
0.148438
-0.429688
-0.757812
-0.445312
-0.195312
0.718750
-0.625000
-0.585938
0.921875
0.484375
0.429688
0.953125
-0.992188
0.210938
-0.242188
0.601562
-0.046875
-0.953125
0.523438
-0.085938
0.929688
0.875000
-0.054688
-0.656250
-0.179688
0.203125
-0.703125
-0.914062
-0.375000
0.343750
-0.531250
0.468750
-0.687500
-0.242188
-0.593750
-0.609375
0.976562
-0.421875
-0.187500
-0.593750
0.867188
-0.648438
-0.320312
0.750000
0.757812
-0.398438
0.070312
-0.296875
0.500000
0.726562
-0.296875
-0.671875
0.703125
-0.632812
-0.656250
0.484375
-0.968750
-0.015625
0.820312
0.656250
0.960938
0.390625
0.125000
-0.406250
-0.046875
-0.281250
-0.179688
0.757812
-0.257812
0.453125
-0.671875
0.156250
-0.132812
-0.101562
0.445312
-0.390625
0.078125
-0.695312
-0.640625
-0.992188
-0.851562
0.390625
0.515625
-0.078125
-0.062500
0.937500
0.953125
0.539062
-0.085938
0.109375
0.164062
-0.546875
0.484375
0.171875
0.789062
-0.742188
-0.398438
-0.234375
0.562500
-0.226562
0.773438
0.796875
0.898438
-0.789062
0.859375
0.117188
0.328125
-0.523438
-0.992188
-0.265625
0.835938
0.046875
0.445312
-0.765625
0.101562
0.601562
-0.890625
-0.812500
-0.320312
0.906250
0.460938
0.429688
-0.265625
-0.210938
-0.500000
-0.757812
0.648438
-0.648438
0.242188
0.054688
0.085938
-0.664062
-0.906250
0.531250
0.062500
-0.648438
-0.429688
-0.570312
0.703125
-0.156250
-0.531250
0.539062
0.578125
0.015625
0.679688
-0.539062
0.101562
0.367188
0.453125
-0.695312
0.140625
0.742188
0.218750
0.976562
-0.382812
0.531250
-0.226562
0.335938
0.632812
0.289062
-0.359375
-0.117188
0.187500
-0.351562
-0.851562
0.390625
0.648438
0.507812
0.203125
-0.117188
0.796875
-0.421875
-0.687500
-0.367188
-0.429688
-0.640625
0.304688
0.476562
-0.226562
0.617188
-0.421875
-0.351562
0.601562
0.789062
-0.148438
0.070312
0.875000
-0.648438
0.781250
-0.625000
-0.921875
-0.375000
-0.984375
0.273438
0.343750
0.179688
0.187500
-0.914062
0.093750
0.359375
-0.460938
-0.601562
0.023438
-0.882812
0.125000
-0.867188
-0.359375
-0.093750
-0.773438
0.578125
-0.757812
0.015625
0.289062
0.929688
-0.406250
0.476562
-0.632812
0.593750
-0.609375
-0.359375
-0.281250
-0.453125
0.437500
0.742188
0.367188
-0.742188
-0.296875
0.750000
-0.867188
-0.164062
0.671875
-0.703125
-0.671875
0.843750
-0.773438
0.898438
-0.890625
-0.054688
0.281250
0.648438
-0.210938
0.546875
-0.039062
-0.976562
-0.812500
-0.156250
0.281250
0.148438
-0.281250
0.109375
0.539062
0.695312
0.492188
-0.960938
-0.117188
-0.562500
0.414062
-0.585938
-0.023438
-0.179688
-0.367188
-0.804688
-0.398438
0.218750
-0.664062
0.351562
0.859375
-0.351562
0.031250
-0.265625
-0.632812
0.906250
-0.375000
-0.789062
0.015625
0.109375
0.382812
0.351562
-0.320312
0.726562
-0.640625
0.203125
-0.726562
-0.078125
-0.531250
-0.820312
-0.632812
-0.867188
0.898438
-0.718750
0.367188
-0.554688
0.078125
-0.343750
-0.078125
0.875000
0.593750
-0.578125
0.015625
-0.007812
-0.507812
-0.953125
-0.179688
0.265625
-0.171875
-0.289062
-0.476562
-0.039062
-0.070312
0.492188
-0.414062
-0.406250
0.687500
0.242188
0.578125
-0.906250
-0.125000
0.765625
0.570312
-0.875000
0.289062
-0.976562
-0.039062
0.000000
0.664062
0.109375
0.226562
0.781250
0.804688
0.531250
-0.601562
