100.196909754
117.91820581
121.494251458
99.7205945406
101.712357114
96.2978567731
110.641823398
115.884064492
116.674022257
119.389221982
108.170550497
121.21998537
121.790637536
113.156463747
119.387338424
117.698621515
110.298204806
129.708564657
138.267894801
115.389565308
124.597590479
135.240870217
119.862831647
120.997988859
114.950711998
129.184587899
126.411373473
132.95354715
112.560025307
128.331390602
120.735473017
118.891782359
111.422192996
131.519116783
134.643170987
121.849609057
135.39985213
103.600522975
119.656292876
121.553086563
116.921039553
139.650831836
124.814740469
120.967783906
114.27962647
126.960318474
135.675962693
129.478081664
130.52170088
101.582173551
98.2348639568
129.052688444
119.256107905
115.220334731
123.556099598
118.561835108
119.414517677
124.135080583
135.756623311
120.096581504
122.17010582
131.524335848
96.7654933309
108.758303167
134.19249075
142.773340527
130.232506254
111.278629737
129.902322792
114.139541953
118.072588456
132.55468867
110.323955642
127.643546285
99.6697640961
130.907774641
123.141225371
115.024493617
122.846587192
98.4479167342
121.560242438
117.499420883
96.2637305264
97.3462924715
106.253552633
118.977923451
125.200060256
134.154739148
117.527441431
132.854110782
113.745578386
124.425564375
133.867044453
109.61163323
133.919038786
129.456840302
137.77211349
125.106872021
109.125477874
115.156021231
120.080400992
119.75274699
111.287507618
120.0390166
112.620444464
131.264402427
126.597182131
131.047468963
141.818202507
133.129501499
107.09471282
126.201648711
120.640371569
120.700658535
131.537771083
136.909144009
137.945026057
139.670669083
143.352405317
116.293487737
111.765070062
144.75999079
122.237570731
113.052431717
125.238306299
121.563589806
125.821600297
129.444225797
131.325304692
115.526422871
106.059372364
110.708089811
135.43104237
128.455061191
128.600171381
118.739209671
122.018941563
138.984283451
117.102271193
132.974072199
132.544037549
133.578137305
128.190809494
121.135696705
119.012892455
137.214740996
118.100784605
111.664779475
86.1674821991
128.488660383
112.685294926
123.067662114
111.643631161
118.402883202
124.961888561
141.572313019
138.503229182
127.078161678
125.203133362
123.382292354
127.3222939
126.362323383
121.965915163
108.659025633
128.44734458
134.224569422
118.805682286
128.039717881
142.88398262
129.917403003
133.083494088
131.383744503
130.526973477
137.0547936
123.479175401
108.255870445
101.095200124
130.81735331
114.374677729
122.576631259
112.874270281
96.2189077087
123.103708481
91.1987724627
119.562762926
119.349218107
102.853957241
122.497737051
133.689084943
117.19179412
118.455701812
125.017411433
119.774650413
129.894457309
141.059758631
141.16295184
144.151936181
117.096952793
113.253126287
132.352978757
136.785334884
134.83256016
119.317679606
119.871385067
115.980175544
115.121462961
122.141618474
127.152314896
143.729749921
132.314432129
131.729401474
120.365254703
135.101474998
103.323903587
123.093280699
108.211958088
130.730762929
117.857323279
133.717738495
126.854251498
119.31028287
110.467376595
129.23877533
138.645394037
142.930250925
123.231739003
126.136369188
123.441177298
128.501902923
109.781770531
134.246918868
133.646244935
131.093393066
116.286087612
118.725308051
110.581875513
127.612243589
128.336458774
127.696530328
123.698257286
128.441017802
121.080067514
140.327121088
120.72155395
131.282461019
129.161976348
112.276761506
121.850303329
114.419497302
125.43831409
118.873614284
128.855094481
123.624301614
106.445518745
119.890094941
113.513750731
124.430040221
111.411236076
129.763126898
137.047258108
125.876638717
133.578844486
124.50470938
108.271451747
108.588345715
127.067443085
127.36877663
112.289041155
125.304689721
113.643686609
135.317655935
115.456107379
119.490088789
118.579288012
125.061756088
112.951614834
143.494733038
116.937908569
122.148422367
127.448062984
134.273206175
125.934966875
129.060173538
123.457176703
124.187529307
126.812882447
121.819128169
117.823847516
126.676541037
125.726516348
125.81067852
113.688276445
135.848540341
137.112037968
133.847440081
111.883039849
125.453297678
121.942093737
106.722676369
115.495297891
137.821905551
136.006166613
122.46867095
138.215836855
125.805181451
125.439876226
146.235256689
121.980114277
126.323509508
113.312241255
103.161441949
130.424029114
116.60350254
120.558281706
117.798301609
125.417177471
132.050719836
104.894182376
128.304486064
112.229991878
139.850052081
117.881019683
131.093033231
125.682243501
146.529773701
132.712696863
117.177943106
127.925440582
113.420450265
107.160079499
117.329544784
113.462960079
122.338964117
101.294108413
142.560485539
115.615099336
134.047769733
119.438207147
125.063788004
113.241808359
110.257813008
140.422076075
100.745014673
123.478243778
114.00917949
137.258155535
125.2410818
122.855345479
112.538025194
125.505473244
122.595112626
127.982966524
119.967831166
125.273588533
144.230396106
124.835898444
89.7211236203
100.262193129
117.761679369
128.000341529
144.239859366
119.954273971
125.612117897
120.518447301
125.728433536
107.261368648
133.184501487
127.501569631
92.0325786961
133.903234927
131.143271503
139.309427051
127.939614789
119.116946825
120.561312323
135.184677626
135.737978909
123.814306385
126.402675288
116.00733009
126.965354239
129.620076701
127.32782433
121.179106487
132.353215356
114.826556939
126.584531364
129.357364065
122.701236371
125.767622897
122.516548858
112.288671162
131.234002832
109.498148639
142.151952321
123.143783404
138.339201552
145.773404169
126.349337452
149.280475029
133.810843365
134.288767491
120.676153268
129.860532203
131.147161803
109.884857673
132.930180335
108.350865664
135.48188029
118.665922074
113.971335622
113.190367033
129.909586147
119.212303714
135.994370505
137.550658413
117.734337649
126.970828844
107.559607994
127.946378065
128.707143428
130.962762327
110.172474913
127.898867039
136.952762446
98.023496241
134.775505889
116.170691089
126.19532511
119.748866896
136.806772259
120.072194196
110.250511377
118.242904702
148.819947336
122.206509434
127.710228815
104.972076708
111.863770066
127.059862848
133.172876704
115.994908295
132.276450318
114.884792847
115.939411723
104.381027246
126.710321009
119.698300892
123.669576027
132.687949997
131.219286586
115.185408667
144.927530848
130.756198761
107.874994083
125.132700341
108.831446865
130.94036429
128.436224137
136.420505684
129.149928837
104.785165377
123.89449416
129.604354575
115.350112557
98.6611923302
114.158875082
115.285882817
131.82363907
129.898453542
122.929187112
128.365709998
121.318182534
111.085045581
120.54722419
122.411351081
131.282431211
123.489044655
115.735531772
132.411208635
99.2812368476
114.127337134
114.648173705
112.681732914
119.865050561
109.987883088
121.719733898
124.964430645
124.263750418
133.271528515
120.838663915
127.393327886
132.95207453
98.6955655492
123.202395947
118.197925041
111.608713223
121.755116067
114.43390004
108.352994332
