139.849273372
138.169819538
128.005876934
142.97418321
142.636968167
148.075635443
139.90399043
143.288607312
136.683818635
131.500772581
133.294900728
145.395228679
148.394948438
128.868409901
137.369756795
135.983740302
138.806344662
141.854614338
144.346039927
136.270707821
147.841683216
145.765256288
135.923399619
147.290064958
134.915513242
142.866787128
142.491312892
146.297800019
134.686653979
138.102861662
145.924638682
137.707312231
131.961189701
137.634474527
133.819365695
150.921150727
149.837415238
138.7667665
134.514236188
141.821177581
131.728064149
141.633723676
127.286999954
141.486399014
138.535503685
137.906859632
143.683286945
138.693654758
147.017242933
142.257913272
145.093806592
137.2289241
136.921283311
143.968389187
138.55699513
146.084287472
134.118608129
131.166815176
138.080371999
136.321494285
139.306426744
135.65775393
144.558484128
133.278283473
141.397638783
151.236948289
141.711976413
129.826746195
146.13077523
142.907721712
138.625396523
143.910686329
139.033607775
148.633654354
137.287198549
136.074011783
140.392301329
141.239833781
141.581247991
137.0984304
147.178410076
144.753155141
139.101236219
141.068262584
143.109359239
133.144794157
137.304770599
142.597054139
138.467395935
140.535208873
136.668567215
141.430644555
138.835080807
138.134066983
139.217056386
137.569190267
145.909011764
130.043328731
137.972348787
133.14393961
141.965554962
140.138749582
151.310802641
140.244566152
132.194629395
132.265592362
149.154840647
139.941527072
148.824272828
142.017518308
143.398518405
138.250799616
136.138907216
133.161348396
143.30214054
153.134501798
149.595767094
138.64404745
146.765560154
136.099181552
145.15771069
139.072409417
141.936002184
132.758148859
141.672814012
137.537432331
137.834235309
137.270901054
140.966384833
142.298643153
137.564740643
137.255293201
143.673002836
134.332842336
141.869462506
138.783362645
137.313125529
142.802784204
138.603762498
146.023422108
140.221139026
139.178706232
144.46283672
139.826590029
132.186448216
140.813757041
133.406269297
134.564457056
133.34651642
139.664028697
137.448643653
143.173155886
145.213291624
146.933961306
136.669565899
142.488896957
141.722445932
131.321852519
137.852540224
139.365148353
143.204700866
147.291509984
140.547201519
142.554989959
137.449473902
140.541581755
140.934537711
139.857481012
145.209418251
143.31710427
143.462929507
135.686222061
152.65361892
149.770460431
149.000000332
137.182201214
127.026255782
142.855085619
134.290382493
140.747920695
137.974921566
135.417058441
141.404683789
148.09714985
140.101189761
136.842331167
142.804342133
142.923714862
141.515309116
138.832783051
135.719689083
143.3422236
129.359187332
140.674221379
141.10641247
137.516077621
139.316809425
143.967864205
136.651229871
150.704738842
150.341335924
137.36737782
144.924769048
135.910615586
135.2956434
134.839427557
142.320423378
141.687348696
153.622117518
141.09518551
144.095434067
141.669270859
144.067535867
138.930755113
139.942848734
142.471153876
142.40753349
143.689279801
140.316454383
143.249438401
141.061559336
140.324521718
141.684306874
144.874222662
138.603225072
147.161623722
140.061198373
141.251337271
137.627744085
134.176409169
139.997664779
134.457875673
136.260297622
136.432780736
140.236149357
141.208433933
146.46878007
142.531864058
139.754388451
143.736157445
139.30246147
140.226923974
143.585701155
131.460576253
141.124077424
136.032954092
137.111069068
138.551863279
142.609601845
132.35588114
141.361076836
136.349856391
142.753345508
130.130881559
137.742919396
136.271992693
135.147326579
138.561709818
139.464736721
141.403320633
139.213694639
139.418349923
134.222605076
141.870592286
131.515998293
133.16167529
139.069750839
129.683529654
141.547984137
140.935182118
137.889897474
149.995014554
153.54679059
151.838016384
147.443625336
140.475923638
141.138794704
134.977917505
137.697706921
142.779792101
147.687316981
132.963567138
141.538820794
142.398316309
146.49694634
132.410487315
146.806599598
128.954477161
143.00344142
136.08790626
136.481543135
136.68663125
147.40824816
137.908190349
135.228247723
139.269408136
145.829740372
149.164925509
137.467091224
140.427763827
137.310777713
143.674007219
135.426150659
136.235055753
139.160558481
139.126583642
144.67843799
131.655705035
136.850231454
135.473525102
134.942234326
144.906584036
138.138303699
140.197904551
146.245395793
137.292530195
139.096038876
137.840571199
137.49366189
140.230637126
144.849120005
141.273900819
139.881874584
133.217300089
144.880863239
153.42114356
134.096279549
139.091988882
140.703462728
144.120356615
136.645119332
135.793972568
143.901798994
145.108923259
138.806968399
142.966211567
151.562346152
141.984683626
146.548895831
136.697569987
143.036423974
138.565911118
136.89420986
136.682747265
137.085913868
146.734096163
135.221239564
148.295693386
147.518974716
147.333454802
140.921587488
135.298998765
136.652055557
138.786920683
138.924767196
132.488862292
141.307537609
141.251608725
139.565399912
141.123351155
153.542339104
143.844298637
139.502189271
136.112709677
136.031808264
142.531473925
139.811144435
142.30371105
139.587100966
135.397174137
139.588472854
143.509194705
139.675434199
139.557942593
135.834806186
147.141973313
135.12423649
147.643698482
145.670026923
142.637116426
135.178203898
133.745539122
135.424593558
144.376525539
138.762095978
132.355246216
139.458497332
140.932480814
136.744292578
142.941887464
138.105670187
131.578691074
136.879611983
137.440091942
147.435997027
138.141505405
141.349290799
132.736634222
131.789266383
147.913377065
140.579320998
134.086497212
143.375088582
147.488938383
144.928125262
140.80570878
137.362437691
139.193367642
144.003622795
141.205514666
143.497035254
141.629188317
138.488094618
142.432092888
141.96684678
143.744241621
139.723420739
145.075840782
140.384000504
145.01001401
142.963454017
138.343500068
141.978316314
138.89992173
143.201572245
145.18036665
141.684626407
135.932086676
146.625999559
139.777340907
153.397333902
136.139968646
137.84864759
145.95527619
142.841718385
137.678279384
140.68451216
137.788769339
143.028477031
143.892867583
137.422640114
139.543422653
148.44494019
148.454940264
136.266728937
145.050264194
141.491616765
142.026235758
142.409666073
141.06557463
148.158082628
139.141122611
145.884403859
144.810727863
138.898378159
140.732624606
142.739717039
144.513290778
133.764960705
143.899893651
141.994518303
137.60694884
141.670370573
138.526347854
142.595832433
137.124230361
137.910623366
136.841065692
138.859354596
150.315171422
146.172974283
144.348341211
141.288956827
146.869517853
142.821444212
147.497747306
137.318874414
140.630586444
148.561319921
138.793820653
143.862100989
139.071812122
150.359861372
140.657404917
147.173255752
138.8918333
137.314543527
148.009842288
142.737946305
141.161148214
137.883069011
146.834964988
145.878805247
131.325763448
135.033599056
133.718217068
135.449410748
130.650266997
136.679858069
133.575434007
