10 9.8
10 9.5
10 10.1
10 10.7
10 10.3
10 9.4
10 11.1
10 10.4
10 9.5
10 9.8
10 9.9
10 9.4
10 9.8
10 10.9
10 9.9
10 11.1
10 10.8
10 9.5
10 11.1
10 9.8
-10 -9.9
-10 -11
-10 -9.3
-10 -10.2
-10 -11.1
-10 -9.8
-10 -10.2
-10 -9.9
-10 -10.2
-10 -10.9
-10 -10.2
-10 -10.2
-10 -10.1
-10 -9.6
-10 -10.3
-10 -10.4
-10 -9.5
-10 -10
-10 -10.3
-10 -10.6
30 28.5
30 31
30 31.3
30 29
30 28.8
30 30.5
30 30.2
30 31.3
30 28.6
30 31.6
30 30
30 29.6
30 31.8
30 29.7
30 29.1
30 28.2
30 32.1
30 28.6
30 28.8
30 31.1
-30 -30.2
-30 -29.6
-30 -30.4
-30 -32.1
-30 -31.1
-30 -30
-30 -28.7
-30 -28.9
-30 -29.6
-30 -31.1
-30 -30.3
-30 -29.2
-30 -27.8
-30 -28
-30 -29.9
-30 -28.5
-30 -30.3
-30 -29.1
-30 -30.9
-30 -29.5
50 52.9
50 50.4
50 53.5
50 49.3
50 47.9
50 52.5
50 52.7
50 48.4
50 54.8
50 51.1
50 49.8
50 48.6
50 50.7
50 49.6
50 49.5
50 50.3
50 50.8
50 51.2
50 49.8
50 50.3
-50 -51.1
-50 -49
-50 -50.1
-50 -51.2
-50 -49.5
-50 -50.2
-50 -48.8
-50 -49
-50 -50.3
-50 -51.8
-50 -46.7
-50 -49.6
-50 -49.1
-50 -47.4
-50 -49
-50 -50.5
-50 -52.3
-50 -49.2
-50 -51.1
-50 -51.7
100 97.6
100 98.8
100 101.1
100 100.4
100 101.8
100 99.1
100 102.2
100 102.5
100 99.1
100 96.5
100 99.7
100 99.7
100 101.5
100 100.4
100 102.6
100 102.8
100 101.5
100 104.2
100 99.1
100 98.5
-100 -98.5
-100 -103.1
-100 -98.8
-100 -101.4
-100 -101
-100 -97.6
-100 -99.4
-100 -99.1
-100 -100.8
-100 -99.9
-100 -99.6
-100 -99.6
-100 -98
-100 -100
-100 -102.1
-100 -97.2
-100 -98.1
-100 -99.3
-100 -103.9
-100 -98.9
