45 48.1
45 40.7
45 47.4
45 39.3
45 43.3
45 46.1
45 44.1
45 51.1
45 40.6
45 42.9
45 51.9
45 46.6
45 43.9
45 50.4
45 49 &
-45 -40.7
-45 -46.4
-45 -53.8
-45 -46.1
-45 -47.9
-45 -46.9
-45 -42.3
-45 -43.4
-45 -46.7
-45 -49.6
-45 -47.1
-45 -44.7
-45 -47.9
-45 -41.7
-45 -51.4
90 98.6
90 88.2
90 99.6
90 83.7
90 84.3
90 92.1
90 90.4
90 80.7
90 91.5
90 93.7
90 96.3
90 92.4
90 92.7
90 83.4
90 93.2
-90 -88
-90 -93.8
-90 -97.3
-90 -88.4
-90 -87.8
-90 -95.5
-90 -98.3
-90 -87.7
-90 -86.4
-90 -96.4
-90 -87.9
-90 -83.2
-90 -85.4
-90 -93.7
180 190.7
180 172.5
180 170.2
180 178.4
180 177.9
180 190.7
180 188.3
180 176.9
180 178.9
180 198.4
180 186.5
180 174.8
180 171.6
180 183.2
-180 -174.3
-180 -188.2
-180 -185.2
-180 -177.7
-180 -190.3
-180 -174.6
-180 -192.2
-180 -184.8
-180 -186.5
-180 -176.5
-180 -191.5
-180 -188.4
-180 -176.5
-180 -169.7
