Data format file state_machine_mem.txt

1. Number of bits of states
2. Number of bits of outputs
3. Number of bits of the inputs: 1 bit represents the intensity of the destination + 2 bits represents the quantized destination + nbits (even number) that represents the number of sensors used
4. next state,output present state

Example: state_machine_mem.txt, has 4 bits to represent the states, 3 bits for the outputs and 5 bits for the inputs 


4 3 5

0 0 0 1  0 0 0
0 0 0 1  0 0 0
0 0 0 1  0 0 0
0 0 0 1  0 0 0
0 0 0 1  0 0 0
0 0 0 1  0 0 0
0 0 0 1  0 0 0
0 0 0 1  0 0 0
0 0 0 1  0 0 0
0 0 0 1  0 0 0
0 0 0 1  0 0 0
0 0 0 1  0 0 0
0 0 0 1  0 0 0
0 0 0 1  0 0 0
0 0 0 1  0 0 0
0 0 0 1  0 0 0
0 0 0 1  0 0 0
0 0 0 1  0 0 0
0 0 0 1  0 0 0
0 0 0 1  0 0 0
0 0 0 1  0 0 0
0 0 0 1  0 0 0
0 0 0 1  0 0 0
0 0 0 1  0 0 0
0 0 0 1  0 0 0
0 0 0 1  0 0 0
0 0 0 1  0 0 0
0 0 0 1  0 0 0
0 0 0 1  0 0 0
0 0 0 1  0 0 0
0 0 0 1  0 0 0
0 0 0 1  0 0 0

0 0 1 0  0 0 1
0 0 1 0  0 0 1
0 0 1 0  0 0 1
0 0 1 0  0 0 1
0 0 1 0  0 0 1
0 0 1 0  0 0 1
0 0 1 0  0 0 1
0 0 1 0  0 0 1
0 0 1 0  0 0 1
0 0 1 0  0 0 1
0 0 1 0  0 0 1
0 0 1 0  0 0 1
0 0 1 0  0 0 1
0 0 1 0  0 0 1
0 0 1 0  0 0 1
0 0 1 0  0 0 1
0 0 0 1  0 0 0
0 0 0 1  0 0 0
0 0 0 1  0 0 0
0 0 0 1  0 0 0
0 0 0 1  0 0 0
0 0 0 1  0 0 0
0 0 0 1  0 0 0
0 0 0 1  0 0 0
0 0 0 1  0 0 0
0 0 0 1  0 0 0
0 0 0 1  0 0 0
0 0 0 1  0 0 0
0 0 0 1  0 0 0
0 0 0 1  0 0 0
0 0 0 1  0 0 0
0 0 0 1  0 0 0

1 1 1 0  0 0 1
1 1 1 0  0 0 1
1 1 1 0  0 0 1
1 1 1 0  0 0 1
0 0 1 1  0 0 0
0 0 1 1  0 0 0
0 0 1 1  0 0 0
0 0 1 1  0 0 0
0 1 0 1  0 0 0
0 1 0 1  0 0 0
0 1 0 1  0 0 0
0 1 0 1  0 0 0
0 1 1 1  0 0 0
0 1 1 1  0 0 0
0 1 1 1  0 0 0
0 1 1 1  0 0 0
1 1 1 0  0 0 1
1 1 1 0  0 0 1
1 1 1 0  0 0 1
1 1 1 0  0 0 1
0 0 1 1  0 0 0
0 0 1 1  0 0 0
0 0 1 1  0 0 0
0 0 1 1  0 0 0
0 1 0 1  0 0 0
0 1 0 1  0 0 0
0 1 0 1  0 0 0
0 1 0 1  0 0 0
0 1 1 1  0 0 0
0 1 1 1  0 0 0
0 1 1 1  0 0 0
0 1 1 1  0 0 0

0 1 0 0  0 1 0
0 1 0 0  0 1 0
0 1 0 0  0 1 0
0 1 0 0  0 1 0
0 1 0 0  0 1 0
0 1 0 0  0 1 0
0 1 0 0  0 1 0
0 1 0 0  0 1 0
0 1 0 0  0 1 0
0 1 0 0  0 1 0
0 1 0 0  0 1 0
0 1 0 0  0 1 0
0 1 0 0  0 1 0
0 1 0 0  0 1 0
0 1 0 0  0 1 0
0 1 0 0  0 1 0
0 1 0 0  0 1 0
0 1 0 0  0 1 0
0 1 0 0  0 1 0
0 1 0 0  0 1 0
0 1 0 0  0 1 0
0 1 0 0  0 1 0
0 1 0 0  0 1 0
0 1 0 0  0 1 0
0 1 0 0  0 1 0
0 1 0 0  0 1 0
0 1 0 0  0 1 0
0 1 0 0  0 1 0
0 1 0 0  0 1 0
0 1 0 0  0 1 0
0 1 0 0  0 1 0
0 1 0 0  0 1 0

0 0 0 1  0 1 1
0 0 0 1  0 1 1
0 0 0 1  0 1 1
0 0 0 1  0 1 1
0 0 0 1  0 1 1
0 0 0 1  0 1 1
0 0 0 1  0 1 1
0 0 0 1  0 1 1
0 0 0 1  0 1 1
0 0 0 1  0 1 1
0 0 0 1  0 1 1
0 0 0 1  0 1 1
0 0 0 1  0 1 1
0 0 0 1  0 1 1
0 0 0 1  0 1 1
0 0 0 1  0 1 1
0 0 0 1  0 1 1
0 0 0 1  0 1 1
0 0 0 1  0 1 1
0 0 0 1  0 1 1
0 0 0 1  0 1 1
0 0 0 1  0 1 1
0 0 0 1  0 1 1
0 0 0 1  0 1 1
0 0 0 1  0 1 1
0 0 0 1  0 1 1
0 0 0 1  0 1 1
0 0 0 1  0 1 1
0 0 0 1  0 1 1
0 0 0 1  0 1 1
0 0 0 1  0 1 1
0 0 0 1  0 1 1

0 1 1 0  0 1 0
0 1 1 0  0 1 0
0 1 1 0  0 1 0
0 1 1 0  0 1 0
0 1 1 0  0 1 0
0 1 1 0  0 1 0
0 1 1 0  0 1 0
0 1 1 0  0 1 0
0 1 1 0  0 1 0
0 1 1 0  0 1 0
0 1 1 0  0 1 0
0 1 1 0  0 1 0
0 1 1 0  0 1 0
0 1 1 0  0 1 0
0 1 1 0  0 1 0
0 1 1 0  0 1 0
0 1 1 0  0 1 0
0 1 1 0  0 1 0
0 1 1 0  0 1 0
0 1 1 0  0 1 0
0 1 1 0  0 1 0
0 1 1 0  0 1 0
0 1 1 0  0 1 0
0 1 1 0  0 1 0
0 1 1 0  0 1 0
0 1 1 0  0 1 0
0 1 1 0  0 1 0
0 1 1 0  0 1 0
0 1 1 0  0 1 0
0 1 1 0  0 1 0
0 1 1 0  0 1 0
0 1 1 0  0 1 0

0 0 0 1  1 0 0
0 0 0 1  1 0 0
0 0 0 1  1 0 0
0 0 0 1  1 0 0
0 0 0 1  1 0 0
0 0 0 1  1 0 0
0 0 0 1  1 0 0
0 0 0 1  1 0 0
0 0 0 1  1 0 0
0 0 0 1  1 0 0
0 0 0 1  1 0 0
0 0 0 1  1 0 0
0 0 0 1  1 0 0
0 0 0 1  1 0 0
0 0 0 1  1 0 0
0 0 0 1  1 0 0
0 0 0 1  1 0 0
0 0 0 1  1 0 0
0 0 0 1  1 0 0
0 0 0 1  1 0 0
0 0 0 1  1 0 0
0 0 0 1  1 0 0
0 0 0 1  1 0 0
0 0 0 1  1 0 0
0 0 0 1  1 0 0
0 0 0 1  1 0 0
0 0 0 1  1 0 0
0 0 0 1  1 0 0
0 0 0 1  1 0 0
0 0 0 1  1 0 0
0 0 0 1  1 0 0
0 0 0 1  1 0 0

1 0 0 0  0 1 0
1 0 0 0  0 1 0
1 0 0 0  0 1 0
1 0 0 0  0 1 0
1 0 0 0  0 1 0
1 0 0 0  0 1 0
1 0 0 0  0 1 0
1 0 0 0  0 1 0
1 0 0 0  0 1 0
1 0 0 0  0 1 0
1 0 0 0  0 1 0
1 0 0 0  0 1 0
1 0 0 0  0 1 0
1 0 0 0  0 1 0
1 0 0 0  0 1 0
1 0 0 0  0 1 0
1 0 0 0  0 1 0
1 0 0 0  0 1 0
1 0 0 0  0 1 0
1 0 0 0  0 1 0
1 0 0 0  0 1 0
1 0 0 0  0 1 0
1 0 0 0  0 1 0
1 0 0 0  0 1 0
1 0 0 0  0 1 0
1 0 0 0  0 1 0
1 0 0 0  0 1 0
1 0 0 0  0 1 0
1 0 0 0  0 1 0
1 0 0 0  0 1 0
1 0 0 0  0 1 0
1 0 0 0  0 1 0

1 0 0 1  0 1 1
1 0 0 1  0 1 1
1 0 0 1  0 1 1
1 0 0 1  0 1 1
1 0 0 1  0 1 1
1 0 0 1  0 1 1
1 0 0 1  0 1 1
1 0 0 1  0 1 1
1 0 0 1  0 1 1
1 0 0 1  0 1 1
1 0 0 1  0 1 1
1 0 0 1  0 1 1
1 0 0 1  0 1 1
1 0 0 1  0 1 1
1 0 0 1  0 1 1
1 0 0 1  0 1 1
1 0 0 1  0 1 1
1 0 0 1  0 1 1
1 0 0 1  0 1 1
1 0 0 1  0 1 1
1 0 0 1  0 1 1
1 0 0 1  0 1 1
1 0 0 1  0 1 1
1 0 0 1  0 1 1
1 0 0 1  0 1 1
1 0 0 1  0 1 1
1 0 0 1  0 1 1
1 0 0 1  0 1 1
1 0 0 1  0 1 1
1 0 0 1  0 1 1
1 0 0 1  0 1 1
1 0 0 1  0 1 1

1 0 1 0  0 1 1
1 0 1 0  0 1 1
1 0 1 0  0 1 1
1 0 1 0  0 1 1
1 0 1 0  0 1 1
1 0 1 0  0 1 1
1 0 1 0  0 1 1
1 0 1 0  0 1 1
1 0 1 0  0 1 1
1 0 1 0  0 1 1
1 0 1 0  0 1 1
1 0 1 0  0 1 1
1 0 1 0  0 1 1
1 0 1 0  0 1 1
1 0 1 0  0 1 1
1 0 1 0  0 1 1
1 0 1 0  0 1 1
1 0 1 0  0 1 1
1 0 1 0  0 1 1
1 0 1 0  0 1 1
1 0 1 0  0 1 1
1 0 1 0  0 1 1
1 0 1 0  0 1 1
1 0 1 0  0 1 1
1 0 1 0  0 1 1
1 0 1 0  0 1 1
1 0 1 0  0 1 1
1 0 1 0  0 1 1
1 0 1 0  0 1 1
1 0 1 0  0 1 1
1 0 1 0  0 1 1
1 0 1 0  0 1 1

1 0 1 1  0 0 1
1 0 1 1  0 0 1
1 0 1 1  0 0 1
1 0 1 1  0 0 1
1 0 1 1  0 0 1
1 0 1 1  0 0 1
1 0 1 1  0 0 1
1 0 1 1  0 0 1
1 0 1 1  0 0 1
1 0 1 1  0 0 1
1 0 1 1  0 0 1
1 0 1 1  0 0 1
1 0 1 1  0 0 1
1 0 1 1  0 0 1
1 0 1 1  0 0 1
1 0 1 1  0 0 1
1 0 1 1  0 0 1
1 0 1 1  0 0 1
1 0 1 1  0 0 1
1 0 1 1  0 0 1
1 0 1 1  0 0 1
1 0 1 1  0 0 1
1 0 1 1  0 0 1
1 0 1 1  0 0 1
1 0 1 1  0 0 1
1 0 1 1  0 0 1
1 0 1 1  0 0 1
1 0 1 1  0 0 1
1 0 1 1  0 0 1
1 0 1 1  0 0 1
1 0 1 1  0 0 1
1 0 1 1  0 0 1

1 1 0 0  0 0 1
1 1 0 0  0 0 1
1 1 0 0  0 0 1
1 1 0 0  0 0 1
1 1 0 0  0 0 1
1 1 0 0  0 0 1
1 1 0 0  0 0 1
1 1 0 0  0 0 1
1 1 0 0  0 0 1
1 1 0 0  0 0 1
1 1 0 0  0 0 1
1 1 0 0  0 0 1
1 1 0 0  0 0 1
1 1 0 0  0 0 1
1 1 0 0  0 0 1
1 1 0 0  0 0 1
1 1 0 0  0 0 1
1 1 0 0  0 0 1
1 1 0 0  0 0 1
1 1 0 0  0 0 1
1 1 0 0  0 0 1
1 1 0 0  0 0 1
1 1 0 0  0 0 1
1 1 0 0  0 0 1
1 1 0 0  0 0 1
1 1 0 0  0 0 1
1 1 0 0  0 0 1
1 1 0 0  0 0 1
1 1 0 0  0 0 1
1 1 0 0  0 0 1
1 1 0 0  0 0 1
1 1 0 0  0 0 1

1 1 0 1  1 0 0
1 1 0 1  1 0 0
1 1 0 1  1 0 0
1 1 0 1  1 0 0
1 1 0 1  1 0 0
1 1 0 1  1 0 0
1 1 0 1  1 0 0
1 1 0 1  1 0 0
1 1 0 1  1 0 0
1 1 0 1  1 0 0
1 1 0 1  1 0 0
1 1 0 1  1 0 0
1 1 0 1  1 0 0
1 1 0 1  1 0 0
1 1 0 1  1 0 0
1 1 0 1  1 0 0
1 1 0 1  1 0 0
1 1 0 1  1 0 0
1 1 0 1  1 0 0
1 1 0 1  1 0 0
1 1 0 1  1 0 0
1 1 0 1  1 0 0
1 1 0 1  1 0 0
1 1 0 1  1 0 0
1 1 0 1  1 0 0
1 1 0 1  1 0 0
1 1 0 1  1 0 0
1 1 0 1  1 0 0
1 1 0 1  1 0 0
1 1 0 1  1 0 0
1 1 0 1  1 0 0
1 1 0 1  1 0 0

0 0 0 1  1 0 0
0 0 0 1  1 0 0
0 0 0 1  1 0 0
0 0 0 1  1 0 0
0 0 0 1  1 0 0
0 0 0 1  1 0 0
0 0 0 1  1 0 0
0 0 0 1  1 0 0
0 0 0 1  1 0 0
0 0 0 1  1 0 0
0 0 0 1  1 0 0
0 0 0 1  1 0 0
0 0 0 1  1 0 0
0 0 0 1  1 0 0
0 0 0 1  1 0 0
0 0 0 1  1 0 0
0 0 0 1  1 0 0
0 0 0 1  1 0 0
0 0 0 1  1 0 0
0 0 0 1  1 0 0
0 0 0 1  1 0 0
0 0 0 1  1 0 0
0 0 0 1  1 0 0
0 0 0 1  1 0 0
0 0 0 1  1 0 0
0 0 0 1  1 0 0
0 0 0 1  1 0 0
0 0 0 1  1 0 0
0 0 0 1  1 0 0
0 0 0 1  1 0 0
0 0 0 1  1 0 0
0 0 0 1  1 0 0

0 1 1 0  1 0 0
0 1 0 0  0 1 1
0 1 1 0  0 0 1
0 1 0 0  0 0 1
0 1 1 0  1 0 0
0 1 0 0  0 1 1
0 1 1 0  0 0 1
0 1 0 0  0 0 1
0 1 1 0  1 0 0
0 1 0 0  0 1 1
0 1 1 0  0 0 1
0 1 0 0  0 0 1
0 1 1 0  1 0 0
0 1 0 0  0 1 1
0 1 1 0  0 0 1
0 1 0 0  0 0 1
0 1 1 0  1 0 0
0 1 0 0  0 1 1
0 1 1 0  0 0 1
0 1 0 0  0 0 1
0 1 1 0  1 0 0
0 1 0 0  0 1 1
0 1 1 0  0 0 1
0 1 0 0  0 0 1
0 1 1 0  1 0 0
0 1 0 0  0 1 1
0 1 1 0  0 0 1
0 1 0 0  0 0 1
0 1 1 0  1 0 0
0 1 0 0  0 1 1
0 1 1 0  0 0 1
0 1 0 0  0 0 1
