27.9150504718
30.0461932212
30.9669812775
32.817868502
34.6088501442
36.9209676761
40.3758834079
42.7472807316
43.4929770187
41.7138981647
43.1703363079
44.4203422695
44.1917456708
42.5023876197
42.8533564857
43.6969902452
42.3017366191
44.151866829
42.8810062533
43.3434988908
44.2700527284
45.5708789215
46.8056355311
46.6886643732
49.9112017516
50.8892147989
50.1235952055
52.6167005812
52.4445460864
52.917923498
53.5554743432
50.7683378981
53.092519741
53.6481756661
52.559021036
53.1606579195
52.9212776471
53.6305290324
56.5772060861
55.7651661409
59.0387113438
58.6963593971
60.7770725029
57.9504391121
56.5694371746
59.1294320086
60.5558022927
62.1145909741
60.9440108806
61.4185610817
66.5482513798
64.9049865857
67.270464759
66.0778264553
69.1009666611
67.077568339
66.9273940967
70.2632905872
71.3611313207
67.6368571373
64.4605687543
69.316529996
66.7298790446
70.0432725031
67.1019803685
68.5600868031
70.8581083122
68.6382382848
69.5429665652
67.5999619247
67.7025302683
68.7986408862
70.80466909
69.6308707742
68.8578856203
75.40724277
73.9014644602
80.9643221899
81.674972661
80.3623293159
84.8498475583
81.3108508067
82.6130085633
81.6848615802
83.0197313414
84.7879827906
83.8974203614
81.9115435228
84.5968107593
84.7158446986
87.0291419011
83.9764742579
85.6886977653
82.8950108768
84.3519398472
83.3502503608
87.2635891828
85.6301187794
86.6847715137
84.6646937348
85.0944316563
87.4894049637
86.0002037301
85.3545216582
86.5313831417
87.3338761593
90.9828093341
87.1899242615
90.1936300966
90.7089550531
87.97535163
89.297838103
86.995707191
88.5297949824
86.1946594329
87.5351802006
87.3557880943
87.7367470625
89.0958630257
87.9598235309
90.534117202
85.8087765733
89.119990592
86.9206831487
85.8003516695
87.7803774546
86.4678674799
87.2179679671
92.3194868147
84.4011105721
88.3380814898
89.3606874012
85.6633820891
88.9109063726
88.4284749153
86.8062126946
86.7117199783
87.459252333
88.7366830302
84.99369977
87.4023059424
88.1886548815
87.8876635724
88.1306162562
85.2196930524
90.0025759719
88.5792407241
90.9529232712
86.6413579483
86.3113980562
89.0667714456
91.6321685397
87.766368066
87.6951126917
86.2011435342
89.3915725152
88.3202347776
86.1846122744
91.1211777643
86.019565209
88.0831923452
89.6230507732
88.3128049809
89.2107918033
86.0188668526
87.5694975385
88.970326102
86.4536476655
86.8256815682
86.3908425536
89.6394460244
85.2359931216
88.5021980258
86.0269750476
86.8947137599
89.182862721
88.9463140589
87.2153795232
85.8217109653
89.0006803852
89.2561294403
88.5365324116
88.0832002076
86.901846709
88.9939314107
88.0352147977
89.1503815356
86.480167762
87.1590877995
90.8995665801
88.6799297019
90.4205183077
91.7899916992
88.713200578
90.1102899512
90.9077220106
93.5735612279
90.6347201145
94.8667416267
94.0979959175
94.6384769856
96.7151672414
99.2502675153
94.9302477
93.7006448449
98.6640570163
99.1206584842
90.8035397072
97.2626989067
97.3779862619
96.9607852306
92.8401018052
95.3431711858
98.2834486825
102.912168768
95.8762090685
97.1341608099
95.3477216797
99.4339189416
92.9210627902
98.2984458342
97.1229250894
100.520523685
96.6062655106
98.4182025451
100.18859554
99.0185907847
102.060727537
103.174485602
101.328878795
102.197311946
103.43797512
99.2262126767
101.62177353
102.266292239
98.2188951695
101.957726344
105.815448437
102.564755287
102.628517997
106.80438469
99.2232468359
100.860816226
101.877614752
102.376308286
101.97090487
103.220943403
108.102285559
101.115439862
103.732416417
105.755281865
104.725155207
109.276809456
101.404771008
104.593605206
104.291681286
107.71810159
105.689802478
104.385136429
103.238360856
105.438787645
106.119736773
104.441572667
105.52803785
104.783637703
105.376194987
105.396818347
106.309745994
105.817734754
105.275308835
104.505289144
108.660324278
102.172252998
111.617742744
102.300362528
107.562504378
107.104276585
104.565331785
109.320715947
106.292167847
108.676197591
104.804911216
109.069638089
112.113420278
109.133799475
109.537677073
105.759790368
108.302007107
108.851578047
107.800714891
106.948362793
105.718440509
107.937039887
106.851178437
109.931159056
109.203533773
108.279055516
109.207718565
107.57424724
109.587271426
113.22103787
109.638241936
111.148969721
109.999817335
107.567317125
113.251758263
106.468523464
108.968002205
114.691920019
115.295840049
109.829285524
110.056057365
109.437016759
109.935687638
107.146992059
114.480865978
108.463546639
108.865451209
110.938362706
114.701776304
113.246413672
111.144004769
111.959333443
108.518946394
114.280722859
113.17446282
114.442403665
111.541164866
112.667843669
113.586856505
112.717970183
114.649036879
114.719553297
113.762536453
114.635331006
116.227910085
117.986610094
113.612629765
116.491144709
117.488188581
112.8870935
113.465252011
114.482809722
120.731900409
119.777197696
114.728961995
115.573771103
112.246409636
114.29037831
116.998815305
120.288894022
122.636173095
119.05370323
118.119115175
118.141598587
120.409861468
117.286413194
118.927461973
123.809070432
117.712156716
124.955623856
125.390933096
120.3732729
123.578845295
123.572554121
125.290161773
122.030892196
125.416051634
126.905309151
121.265538211
123.592011763
123.769748778
123.091333257
127.494392272
123.618421585
121.029637276
123.258565423
120.361151912
124.547301869
121.289327116
127.253467246
123.737701271
124.346486051
123.978514114
125.359885111
122.166088558
124.626060478
122.229391992
129.744953837
126.121084347
122.297515221
123.205610473
124.328893178
122.211685148
125.99346652
123.227634601
122.526082895
124.234800742
127.829761717
127.020972097
124.45257064
126.418801691
124.22376698
123.113114617
125.799097384
122.336817729
124.135070035
125.038555107
124.431805532
128.850464113
125.946229919
124.722292303
126.075951263
124.19955165
128.812818345
124.387480994
126.818613516
123.138569238
125.864656047
124.396285339
126.222600403
130.064862067
128.079318264
124.534963306
125.031576512
123.240210956
123.886985294
122.712663324
128.331921734
126.662145897
127.972742058
125.804086781
124.299727658
129.182131131
126.558161001
129.982420273
125.718362395
129.223457355
125.916968383
128.914089234
128.977008016
127.074274024
128.384693093
126.851619728
132.659541583
129.11901546
131.845182444
127.6875126
126.005964291
129.36812713
133.15422841
128.9424263
128.983831589
125.953490069
130.550357228
128.065817274
127.096023741
129.384661957
127.179546077
128.784568939
124.248861893
126.569437972
127.198760816
130.780998803
126.452509826
127.261092507
128.294449614
128.068370245
126.684154254
126.639813527
124.422000214
130.743519519
127.992783113
129.296688649
127.011490868
128.106112694
127.894897856
127.904649538
126.191758989
128.214338436
127.778436646
130.170571864
127.378305211
128.556361413
130.880716063
129.161833853
126.525632783
125.909191404
130.115921207
129.21573946
127.827290616
128.282494985
129.184067455
129.545206634
132.388783739
128.372715267
125.685881859
127.937547888
129.001959698
126.870200049
