135.281111753
134.785731781
138.715515015
146.215397492
138.480124633
136.944439493
140.912518431
134.30028316
136.671161807
137.060642146
139.239038916
147.268296528
136.277736308
136.771656935
146.276354399
139.407395878
144.409234624
139.869746972
137.91116244
136.780341942
142.137677428
139.406015816
143.607078211
134.578268834
127.047458653
133.531490938
146.43277903
132.563276136
145.137478569
139.551598998
144.808404166
133.161065741
148.44371771
143.271606017
141.274792306
141.536758891
131.325278705
143.427347408
135.204250379
137.934464122
144.546892163
142.688309325
145.514534899
142.715647801
133.327308691
141.227973543
137.202359833
137.691015526
143.43157042
138.207960933
138.348083633
135.090323559
135.881806129
143.826725703
141.556039066
141.631275671
138.576671528
138.586016776
147.244662436
139.435443657
129.56077583
135.113943822
146.203854284
139.286403851
137.42285953
135.047041414
142.952254811
139.965516736
141.3153531
143.371427749
134.731222586
145.392417768
140.993514331
137.991485258
129.980221512
144.546885728
140.484507871
153.124445679
138.355752189
139.271945923
142.023109852
141.777383098
141.129239427
139.02829505
140.775552555
138.638430153
131.703367799
132.37570144
139.551602222
138.836557183
147.476204611
144.152722211
143.447550447
139.03397887
135.260714095
144.894249013
141.240392648
146.89158615
137.45138628
139.466769766
138.627659889
147.407631178
140.241768998
139.450136096
138.093211537
137.487902432
143.368668043
131.549226838
145.799499422
146.175022472
142.240731197
149.687905199
135.428014386
149.122947396
135.442351811
134.685521508
144.59453862
136.330258718
146.657243625
141.517013566
154.644005874
133.128350601
147.927416489
143.495965218
138.700954439
133.735982949
131.774690053
134.079332389
150.608997274
135.636735702
145.647277978
138.380980093
132.295505818
144.120519068
147.849046374
143.045953524
140.002151124
134.816023578
142.9111358
130.297104394
141.319870978
137.919886488
138.279042757
142.413330145
134.717156145
148.58145386
135.055731845
148.134238434
132.949150121
141.597425725
145.045647539
147.343373919
136.957873098
139.257865157
135.755193916
143.61304526
137.169027683
132.740751783
155.768690419
135.747666199
141.749038116
139.615052622
143.401125492
138.406359564
141.7108617
137.489206854
134.372927754
136.755425686
142.277532714
136.619515458
138.594211131
137.905989907
142.781728007
137.397736652
133.716343291
136.449143397
140.793478636
137.755624838
133.921828531
131.178860345
135.062837242
130.572264865
136.834398436
137.694690808
140.130219286
137.152641246
135.439675836
131.070797777
140.737467184
139.118988039
142.884318467
136.778185133
142.994997579
141.395304825
139.82196109
142.939602478
139.470068695
135.94035016
144.039609715
135.605093594
142.408434949
129.53606349
144.835011746
139.116649727
122.110072081
143.726638339
141.640055522
131.845513279
139.050811163
143.312881512
135.871168812
138.046679206
134.38544859
136.044698452
143.423043004
134.120150321
145.205843677
140.776294697
134.209150609
135.827851688
138.239528064
134.806783368
142.43643103
139.946994896
132.546545654
140.8562737
137.688263382
147.992442194
144.281422947
149.213687888
143.967641341
147.90631569
143.854495927
138.879141245
144.893850953
125.085783649
138.388921372
143.798478909
142.955775516
134.073222391
139.040831937
129.923487572
131.663606896
133.198447585
141.175252126
135.150588448
140.603892193
153.211513409
136.597935709
138.728109438
141.175872582
135.271198866
142.540063564
133.309275831
131.438517035
129.525275644
147.30108943
136.588154469
140.241296422
145.907679024
136.548282303
135.109302762
136.261859564
139.663852968
137.558956076
131.031625466
139.778464343
140.544774443
141.738887242
140.226644662
130.099614114
146.208761973
131.195610958
151.064899956
139.941468464
142.975682375
134.5613456
136.013529945
135.835335278
135.779768848
135.97601764
142.432659386
145.838374097
140.285364268
141.869383138
143.784944998
139.936652029
143.64134051
146.209988872
130.856230614
133.395770079
132.917721472
144.368819506
139.533528204
144.422192967
142.195572096
145.655741626
141.160181342
132.028947843
132.619900705
146.207338538
148.486789858
146.305199454
131.64677508
134.511573331
143.551103584
133.369912429
140.337689082
135.37875364
142.139754916
135.723189257
133.891040937
134.365521967
143.672640469
134.818752645
142.78649788
134.654365821
138.31000679
131.932044193
146.913513762
146.599941349
141.002198565
135.177778947
140.840675313
137.501353311
140.900768165
136.385102575
134.072741451
136.3993334
145.58907922
138.165510592
138.134533502
141.094911283
142.69627025
140.714591344
148.351477063
140.460345182
142.906856848
142.242051771
147.224882508
139.612595173
131.546247916
142.35614584
146.933685732
146.909946473
134.149198299
137.169411571
132.371794834
144.005425622
139.857234684
146.597423209
149.74071957
135.331350227
141.292124739
133.328405052
131.622259938
136.155494771
132.772955877
142.170365108
133.083563928
148.372748543
155.293343589
133.654604571
148.43719602
141.926009818
143.396542567
136.462575864
144.35363767
149.285926745
134.107479859
141.112472684
139.513733234
135.902193615
142.440451999
144.95100585
143.410678085
138.241337855
135.325113028
132.385589481
140.675193272
147.234822197
138.153876677
137.099906829
140.847894003
137.220378834
142.018340556
140.156925039
137.081368946
159.264928703
141.99008262
128.279567906
134.927257659
127.743440508
138.039032715
137.475833078
137.171209304
136.856746266
135.377324524
152.140774626
141.686086423
138.430148625
142.611703637
134.916851151
138.694160286
142.576538043
137.37967473
144.049319048
145.313348109
144.028177814
148.405178719
131.701530929
141.753930769
144.542454047
128.703754488
149.016780308
136.542147594
140.10455573
138.331456863
136.816643177
141.174543483
138.493346737
144.492315184
153.30558349
147.012624389
135.287458919
136.332102021
136.016020587
139.960222235
137.8584098
146.609269977
154.624039279
139.10995434
140.429745642
144.907182941
142.131447649
139.057762715
131.327831989
140.674807223
144.501879186
142.879531921
137.560181191
142.302577766
139.644992882
143.203682734
147.181417841
147.48321659
146.661396171
134.432990832
140.517167782
143.405139124
150.535919428
149.504501892
139.151680606
141.215399181
140.801253356
142.686050536
146.62639026
144.930728731
136.78529192
135.54391989
135.839249264
139.945740661
139.477288921
141.431971129
143.363091407
147.258757013
150.455897182
142.965582434
137.283181972
140.015992111
137.903137628
144.017847258
140.434400689
141.698375127
138.071925289
136.055884441
134.552287823
140.827379498
133.074576883
144.824390269
145.349007749
146.031510831
135.193170174
134.828973025
145.501750906
147.744563175
138.795881998
140.87276148
144.104804214
142.745657002
136.850756342
151.019552813
144.161795131
133.868857301
151.194751025
142.578588629
135.388498726
140.786182999
136.414192469
137.035688042
